130
220
329
1437
2483
2604
2563
2588
3954
3991
5377
5383
5393
5646
8722
8768
9157
9183
9510
9722
10468
11430
12663
14103
14252
14180
14194
14227
14338
14359
14399
14440
14457
14515
14557
14528
14734
14850
14885
15168
15210
15320
15367
15426
15682
15672
15735
15861
15892
16023
16290
16295
16413
16613
16637
16744
18573
19643
19708
19813
21267
20058
20691
20766
21012
21282
22989
24646
24647
24937
25010
25013
25140
25148
26347
26401
26569
27852
27934
29163
29261
30743
30791
31255
31349
31412
31467
31629
32590
33665
33662
33884
33752
33856
35459
35598
35588
35657
37067
37681
38244
38425
38443
38570
38663
38641
38721
38677
38664
38662
38664
38664
38721
38721
38751
38817
38891
38896
39002
38985
39094
39155
39284
39347
39387
39559
39908
39582
39749
39659
41113
41857
42331
42503
44011
44163
44589
45661
45822
48049
48084
48117
50083
50853
51034
51502
52384
53699
54390
54378
57320
57306
57295
57367
57378
57378
57378
57379
57368
57305
57379
57379
57369
57369
57365
57403
57366
57366
57403
57403
57370
57403
57371
57428
57417
57432
57435
57437
57449
57492
57492
57406
57492
57450
57450
57493
57450
57493
57473
57451
58860
57493
57590
57513
57513
57516
57526
57530
57542
57521
57569
57584
57546
57584
57640
57591
57621
57584
59005
57728
58141
60241
64402
65370
65872
65982
65904
68962
69540
69623
69949
70174
70191
70558
71730
71700
71760
73053
73096
73774
73895
74474
74560
74453
74522
74682
75327
75359
75294
75403
75445
76096
77559
77646
77683
77715
77849
77802
77862
78221
78804
79871
80051
80051
80191
80345
82447
84793
85870
85928
86003
86059
86040
86120
87389
87390
88837
90190
90367
90371
92073
92806
94693
94684
95061
96180
100169
100129
100226
100486
101810
101999
105569
106092
106178
106171
106207
106254
106671
106914
107546
107493
107695
108144
109630
109905
109923
109976
109962
109974
110065
110072
110359
110344
110447
110599
110754
113820
114979
115867
116124
116284
116625
116330
116335
116468
116753
116658
116667
116659
116660
116660
116675
116660
116675
116676
116677
116678
116679
116683
116685
116687
116688
116689
116663
116663
116744
116833
116744
116829
116829
116829
116806
116814
116829
116830
116833
116772
116943
116900
117139
117104
117880
117955
119145
120608
120543
120705
121959
122377
123497
126387
126434
126437
126437
126453
126550
127720
127784
129232
130038
130254
130673
130771
132177
132134
133455
134579
134632
136412
136412
136485
136486
136529
136532
137998
139055
140416
140427
140541
140606
140629
140744
143032
143056
143638
144548
145266
146431
146465
146545
146610
148617
148831
149455
149209
149479
149654
149906
150350
150523
155978
156423
156561
156571
156629
156586
156646
156629
156743
157771
157852
157947
157975
158141
160798
160879
161250
161011
163810
166621
166611
166656
168110
168836
168511
169333
170144
169654
170793
170950
171054
171053
172387
172473
175928
176645
176666
176783
176788
176756
176862
178116
178181
178269
179368
179542
180943
181152
181152
181796
182889
182950
183250
183378
184303
184822
185679
185755
186011
186266
186724
187374
188002
188110
188809
189854
190558
190693
191207
195310
194854
194957
195316
195439
196002
196504
196638
196802
196815
196861
197481
198351
198369
199217
199569
199813
201277
201313
202050
203909
203942
204174
204434
205272
205505
207424
207696
211203
212694
213341
214515
215588
215616
216890
217265
217275
217306
217336
217357
217030
217331
220265
221099
221378
225187
225531
226031
226021
226783
227087
227256
228552
228605
231461
231554
231501
231490
231842
232910
232961
235660
235999
236920
237261
237230
239161
240180
241491
241585
241814
242849
242938
243097
243570
243800
243969
244030
244497
246589
247185
247213
247240
247301
247352
247400
247497
248305
248621
248863
250334
250446
251481
251550
251748
251874
253636
254146
253986
254466
256005
257246
257262
257326
257364
257702
257859
258205
258544
258876
261680
261697
261745
261751
261752
261864
262097
263138
263484
264580
264416
264637
264660
266339
267368
267453
267590
268910
268956
269023
269088
269112
270257
270324
270234
270309
270332
270368
270666
271816
271754
271769
271763
271826
272288
272365
273225
277400
277423
277470
277575
277535
277559
277572
277561
277651
278098
279166
279108
279194
279220
280245
280839
281650
281706
281827
281836
281956
282279
282039
282153
282776
285240
286134
286915
287588
287685
287633
287730
288072
288907
288919
289124
290260
290940
290525
290790
291383
291789
291883
292050
292006
293012
293521
294844
294939
295115
296512
295415
296062
296308
296615
296826
296901
297661
297614
297937
298311
299126
300466
301397
301408
301478
301710
301791
301891
302156
302011
302092
302011
302148
302059
302169
302055
302177
302420
302147
303022
303344
303414
303461
304923
304957
304988
305291
305653
305842
305917
305864
305906
306377
306394
307197
307640
307749
307797
307809
307805
307805
307785
307884
307895
308147
309060
309205
309490
310555
310864
311468
311604
311652
311634
311737
312045
312063
313391
313604
313625
313650
314986
315059
316351
316382
316428
316450
317884
317945
317889
318271
319504
319473
321209
321209
321668
321950
322118
322129
322290
322255
323538
323713
324995
325044
326375
326434
326443
326491
326498
326518
326517
327026
327889
327908
327896
327954
327960
327961
328040
328095
328287
329461
329706
330236
331488
331647
331685
332171
332174
332254
332332
332341
332369
332316
332393
333563
333723
334605
334605
335142
335486
336429
336437
336441
337844
337299
338157
338121
338165
338175
338327
339564
339563
340928
340698
340983
341809
341822
341766
341839
342376
342208
342554
342746
343603
343826
344748
345178
345240
345207
345274
346180
346568
346556
346623
346630
346607
346669
346747
346746
346774
346771
347618
348024
348042
348044
348159
348218
349454
349697
349710
350473
350984
351186
351199
351852
351928
352071
352259
353215
353396
353889
353994
353996
353998
354032
354144
353885
353891
353907
353925
355252
355369
355370
356667
356702
356813
356787
356865
356816
357441
357615
357727
357697
357918
358116
358043
358188
358192
358499
358463
359327
359755
360085
361077
361253
361294
361926
362027
362094
362304
362518
362554
363642
363834
363832
364471
364779
364821
364843
365257
365678
365410
365476
366203
366286
366830
366834
366802
366862
366968
367591
367701
367756
367772
367778
367898
368179
368244
368178
368293
368201
368331
368256
368439
368842
369195
369516
369471
369551
370117
371118
371110
372054
372558
372599
372627
373383
373796
375393
375736
375972
376325
376409
376429
376429
376716
376913
376901
376987
378262
378225
378333
378342
378443
378451
378418
378809
378850
379526
379650
379982
380131
380513
380970
381264
382150
382223
382648
382653
382684
383211
383580
383587
383818
384903
385293
385454
385448
385525
385538
385616
385616
385836
387001
387000
387020
387008
388145
388156
388240
388380
388478
388397
388474
388641
388539
388686
388725
389603
389711
390080
392092
392225
392521
392561
392804
392831
393720
393867
394175
394235
395059
395354
395568
395635
395635
395832
396554
396756
396758
397069
397121
397168
397168
397246
397428
398525
398547
398557
398877
398656
398561
398675
398877
399159
400049
400147
400181
401042
401233
401140
402233
402247
402549
402644
402692
403737
403787
404260
404266
404339
404404
405083
405219
405222
405244
405680
405760
406612
406641
406638
406717
406738
407032
407036
407206
407290
408610
407435
408039
408005
408172
408532
408475
408555
408604
408626
408694
408802
408819
409802
410095
411422
411464
411708
412310
412564
412592
413056
412984
413008
413022
413816
413833
414356
415181
415294
415945
415965
416691
417202
417240
417248
417339
417559
418283
418615
418643
418613
418678
420040
418733
418616
418651
418760
418688
418681
418735
419223
419607
419643
420083
421560
421624
422398
422386
422384
422880
422800
422971
423013
423225
423269
424333
424398
424496
424507
424500
424544
424859
425397
425399
425891
425889
425927
425914
426814
427013
427175
427325
427351
428357
428411
428701
428714
428726
428752
428758
428849
428769
428781
428770
428875
428852
428885
428923
429256
429421
429798
429985
430299
431329
432041
432578
432697
432856
432856
432835
432995
433059
433169
433958
434026
434363
434406
434494
434544
435368
435384
435783
436006
436048
436101
436099
436787
436826
437318
437293
437361
437425
437418
438679
438878
438864
439208
439366
440161
440238
440291
442627
442660
442626
442940
443056
443104
443233
444015
444332
444569
444643
446060
446088
446118
446940
446995
447515
447588
447589
447521
447589
447645
447932
448969
448890
448960
450162
450359
450446
450452
451663
451883
451902
451925
453015
453547
454043
454207
454241
454242
454786
454727
455343
455663
456096
456140
456129
457553
456219
456291
456611
456895
456994
456922
456963
456983
457077
457301
457656
457589
457668
457636
457618
458485
458484
458917
458960
459052
459061
459062
459032
459093
459105
460508
460521
460708
461945
462677
462701
462729
462732
462777
463063
463150
463330
463537
463730
464516
464563
464815
464818
464853
464848
464869
464816
465593
465620
465623
466136
466201
466177
466173
466254
466208
466279
466864
466693
466976
467017
467165
467083
467082
467094
467128
467130
467181
467222
467389
467684
468249
468569
468963
468905
468934
469123
469100
469129
469154
469218
469706
470347
470490
470683
470799
471817
471959
472985
473284
473321
473401
473459
474431
474505
474550
474838
474935
474928
475896
476085
476210
476319
477852
479057
479163
479226
479342
480514
480690
481314
482106
482229
482371
482895
483296
483410
483446
483518
483555
483586
483676
483815
484245
484248
484255
484384
484356
484512
484497
484547
484579
484613
484622
484584
484714
484696
484735
484714
484680
484700
484737
484768
484762
484805
484832
484860
484856
484860
484851
484888
484860
484971
484995
485005
485008
484990
485001
485020
485092
485089
485145
485146
485234
485254
485249
485253
485253
485735
485745
485744
485815
485984
485995
486402
486442
486433
487240
487157
487272
487414
487811
487794
487841
488753
489113
489183
489166
489231
489264
489215
489270
489238
489336
489342
489382
489992
490247
490263
490223
490306
490333
490342
490343
490419
490510
490525
490584
490635
490624
490654
490717
490728
490757
490759
490721
490798
490809
490851
490921
490934
490936
491005
490961
490962
491063
491340
491450
491464
491506
491512
491495
491567
491636
491675
491652
491658
491810
491878
492546
492584
492791
492904
492906
492956
492988
493001
493093
493133
493269
493365
493340
493352
493503
493449
493471
493502
493585
493589
493595
493700
493806
494333
494361
494341
494364
494418
494502
495037
495017
495068
495095
495088
495095
495208
495202
495543
495912
496138
496197
496512
496486
496552
497110
497315
497383
497400
497383
497524
497564
497622
497564
497719
497853
497853
497915
497915
497928
497937
497946
498100
498608
498647
498749
498733
498752
498832
498796
498840
498904
499160
499247
499350
499353
499371
499415
499416
499377
499546
499629
499668
499751
500144
500088
500221
500221
500381
500635
500761
500861
500883
500913
502156
503043
503048
503039
503477
503531
503509
503576
503611
503621
503982
503665
503764
504478
504611
504702
504983
505074
505074
505095
505139
505134
505290
505401
506494
506443
506514
506504
506529
506661
506592
506635
506942
507058
507057
507171
507197
507209
507225
507251
507288
507299
507474
507572
507568
507727
507872
507874
507861
507908
508018
508051
508098
508089
508144
508186
508255
508186
508286
508384
508336
508340
508357
508336
508887
508634
508684
508760
508796
508824
508865
509073
509206
509211
509206
509236
509284
509306
509279
509271
509282
509310
509341
509418
509454
509457
509483
509535
509545
509659
509673
509811
509879
510027
510125
510142
510180
510306
510351
510417
510309
510560
510390
510480
510847
510796
511888
512273
512319
512309
513343
513413
513542
513537
513654
513781
513766
513816
514842
515265
516476
516826
516880
517516
517549
517703
517703
517862
519286
519481
519484
519494
519597
519567
520807
522041
522622
523317
523373
523680
523831
523950
523987
525063
525321
525351
