1 1 13 0 41 1 1 13 2 10 1
1 1 13 2 43 1 1 13 3 40 1
1 1 13 4 37 1 1 13 5 29 1
1 1 13 22 59 1 1 13 23 57 1
1 2 13 16 24 1 2 13 17 23 1
1 2 13 17 24 1 2 13 19 24 1
1 2 13 17 44 1 2 13 18 43 1
1 2 13 18 10 1 2 13 19 8 1
1 3 13 17 46 1 3 13 17 54 1
1 3 13 18 0 1 3 13 18 31 1
1 4 13 16 38 1 4 13 17 37 1
1 4 13 16 44 1 4 13 17 43 1
1 4 13 17 46 1 4 13 17 53 1
1 4 13 21 7 1 4 13 22 6 1
1 6 13 23 39 1 7 13 1 22 1
1 7 13 1 9 1 7 13 2 8 1
1 7 13 7 25 1 7 13 8 37 1
1 7 13 8 38 1 7 13 9 3 1
1 7 13 14 24 1 7 13 14 30 1
1 7 13 17 21 1 7 13 18 2 1
1 8 13 6 20 1 8 13 6 28 1
1 8 13 22 21 1 8 13 22 30 1
1 9 13 18 13 1 9 13 19 3 1
1 10 13 18 15 1 10 13 19 3 1
1 10 13 18 48 1 10 13 21 32 1
1 10 13 19 3 1 10 13 20 20 1
1 10 13 19 7 1 10 13 20 34 1
1 10 13 19 19 1 10 13 21 7 1
1 10 13 22 32 1 10 13 22 58 1
1 10 13 22 34 1 10 13 23 19 1
1 10 13 23 16 1 10 13 23 59 1
1 11 13 0 1 1 11 13 0 40 1
1 11 13 0 21 1 11 13 0 57 1
1 11 13 0 56 1 11 13 1 55 1
1 11 13 1 9 1 11 13 2 37 1
1 11 13 2 5 1 11 13 2 8 1
1 11 13 5 32 1 11 13 5 34 1
1 11 13 6 30 1 11 13 7 30 1
1 11 13 8 3 1 11 13 8 5 1
1 11 13 10 15 1 11 13 12 48 1
1 11 13 13 28 1 11 13 13 30 1
1 11 13 14 21 1 11 13 15 20 1
1 11 13 15 1 1 11 13 16 7 1
1 11 13 16 20 1 11 13 17 6 1
1 11 13 20 28 1 11 13 21 22 1
1 11 13 20 38 1 11 13 21 12 1
1 11 13 21 16 1 11 13 22 15 1
1 11 13 22 27 1 12 13 0 21 1
1 11 13 23 22 1 12 13 0 52 1
1 12 13 2 5 1 12 13 3 3 1
1 12 13 6 2 1 12 13 7 30 1
1 12 13 6 36 1 12 13 7 35 1
1 12 13 8 35 1 12 13 9 33 1
1 12 13 11 56 1 12 13 12 53 1
1 12 13 13 15 1 12 13 13 17 1
1 12 13 14 28 1 12 13 15 4 1
1 13 13 20 34 1 13 13 21 33 1
1 14 13 14 51 1 14 13 15 23 1
1 14 13 16 5 1 14 13 16 28 1
1 14 13 17 14 1 14 13 18 13 1
1 14 13 18 27 1 15 13 18 27 1
1 14 13 21 35 1 14 13 22 18 1
1 15 13 8 7 1 15 13 8 51 1
1 15 13 9 50 1 15 13 10 6 1
1 15 13 13 55 1 15 13 14 12 1
1 15 13 17 53 1 15 13 18 42 1
1 16 13 21 10 1 16 13 23 9 1
1 18 13 0 32 1 18 13 2 46 1
1 18 13 0 33 1 18 13 2 47 1
1 18 13 5 38 1 18 13 7 37 1
1 18 13 7 51 1 18 13 8 50 1
1 18 13 8 40 1 18 13 8 53 1
1 18 13 10 1 1 18 13 11 0 1
1 18 13 10 9 1 18 13 11 8 1
1 19 13 5 39 1 19 13 7 7 1
1 19 13 7 3 1 19 13 8 1 1
1 19 13 9 32 1 19 13 10 49 1
1 20 13 8 6 1 20 13 8 12 1
1 20 13 8 16 1 20 13 9 34 1
1 21 13 5 16 1 21 13 6 3 1
1 21 13 6 41 1 21 13 7 41 1
1 22 13 6 50 1 22 13 8 23 1
1 22 13 9 7 1 22 13 9 11 1
1 22 13 15 59 1 22 13 16 55 1
1 22 13 17 16 1 22 13 18 29 1
1 22 13 18 21 1 22 13 19 32 1
1 22 13 19 1 1 22 13 20 27 1
1 22 13 23 8 1 22 13 23 9 1
1 23 13 14 36 1 23 13 15 10 1
1 24 13 6 8 1 24 13 9 5 1
1 24 13 6 36 1 24 13 9 2 1
1 24 13 6 44 1 24 13 12 44 1
1 24 13 7 44 1 24 13 10 32 1
1 24 13 7 46 1 24 13 12 16 1
1 25 13 14 20 1 25 13 14 59 1
1 25 13 16 29 1 25 13 17 18 1
1 25 13 16 45 1 25 13 17 8 1
1 25 13 18 8 1 25 13 18 17 1
1 26 13 15 37 1 26 13 17 47 1
1 27 13 2 29 1 27 13 4 1 1
1 27 13 13 6 1 27 13 13 24 1
1 27 13 15 6 1 27 13 16 25 1
1 27 13 15 44 1 27 13 16 43 1
1 27 13 15 45 1 27 13 18 50 1
1 27 13 19 37 1 27 13 20 23 1
1 27 13 19 38 1 27 13 20 1 1
1 27 13 19 43 1 27 13 21 21 1
1 27 13 19 44 1 27 13 20 37 1
1 27 13 19 47 1 27 13 20 24 1
1 27 13 19 59 1 27 13 20 22 1
1 27 13 20 2 1 27 13 20 24 1
1 27 13 20 3 1 27 13 20 24 1
1 27 13 20 29 1 27 13 21 21 1
1 27 13 20 43 1 27 13 21 21 1
1 27 13 21 40 1 27 13 21 51 1
1 27 13 21 59 1 27 13 22 57 1
1 28 13 0 8 1 28 13 0 11 1
1 28 13 0 15 1 28 13 0 16 1
1 28 13 0 18 1 28 13 2 2 1
1 28 13 1 34 1 28 13 1 45 1
1 28 13 2 54 1 28 13 3 34 1
1 28 13 3 30 1 28 13 4 35 1
1 28 13 4 46 1 28 13 6 44 1
1 28 13 6 1 1 28 13 7 47 1
1 28 13 8 13 1 28 13 8 27 1
1 28 13 10 54 1 28 13 11 19 1
1 28 13 11 8 1 28 13 17 8 1
1 28 13 11 10 1 28 13 11 42 1
1 28 13 12 18 1 28 13 14 29 1
1 28 13 12 40 1 28 13 12 59 1
1 29 13 12 30 1 29 13 13 13 1
1 29 13 23 54 1 30 13 1 37 1
1 30 13 8 17 1 30 13 9 31 1
1 30 13 11 5 1 30 13 12 23 1
1 31 13 12 43 1 31 13 13 31 1
1 31 13 15 15 1 31 13 16 3 1
1 31 13 17 9 1 31 13 23 9 1
2 1 13 15 33 2 1 13 17 1 1
2 1 13 18 30 2 1 13 19 42 1
2 3 13 6 50 2 3 13 8 49 1
2 3 13 7 25 2 3 13 9 24 1
2 3 13 7 58 2 3 13 9 57 1
2 4 13 18 16 2 4 13 18 43 1
2 5 13 6 58 2 5 13 7 33 1
2 5 13 9 31 2 5 13 10 34 1
2 5 13 17 54 2 5 13 18 22 1
2 6 13 8 36 2 6 13 9 4 1
2 7 13 6 33 2 7 13 6 59 1
2 7 13 17 39 2 7 13 18 30 1
2 7 13 17 40 2 7 13 18 18 1
2 9 13 18 12 2 9 13 19 20 1
2 9 13 18 26 2 9 13 19 6 1
2 9 13 18 53 2 9 13 18 55 1
2 9 13 18 57 2 9 13 20 7 1
2 9 13 18 58 2 9 13 20 18 1
2 9 13 18 59 2 9 13 20 18 1
2 9 13 19 0 2 9 13 20 18 1
2 9 13 19 2 2 9 13 20 19 1
2 9 13 19 3 2 9 13 20 8 1
2 9 13 19 4 2 9 13 19 5 1
2 9 13 19 5 2 9 13 20 19 1
2 9 13 19 7 2 9 13 20 19 1
2 9 13 19 8 2 9 13 20 9 1
2 9 13 19 9 2 9 13 20 9 1
2 9 13 19 27 2 9 13 20 5 1
2 9 13 19 29 2 9 13 20 43 1
2 9 13 19 31 2 9 13 20 6 1
2 9 13 19 32 2 9 13 20 6 1
2 9 13 19 33 2 9 13 20 43 1
2 9 13 19 36 2 9 13 20 43 1
2 9 13 19 37 2 9 13 20 10 1
2 9 13 19 38 2 9 13 20 43 1
2 9 13 19 42 2 9 13 20 11 1
2 9 13 19 48 2 9 13 21 8 1
2 9 13 19 58 2 9 13 20 57 1
2 9 13 20 13 2 9 13 21 12 1
2 9 13 20 16 2 9 13 21 15 1
2 9 13 20 17 2 9 13 21 17 1
2 9 13 20 22 2 9 13 21 29 1
2 9 13 20 23 2 9 13 22 12 1
2 9 13 20 24 2 9 13 22 12 1
2 9 13 20 25 2 9 13 20 46 1
2 9 13 20 27 2 9 13 22 12 1
2 9 13 20 28 2 9 13 21 30 1
2 9 13 20 29 2 9 13 21 30 1
2 9 13 20 32 2 9 13 22 13 1
2 9 13 20 33 2 9 13 21 30 1
2 9 13 20 39 2 9 13 22 13 1
2 9 13 20 53 2 9 13 21 53 1
2 9 13 20 57 2 9 13 21 31 1
2 9 13 21 0 2 10 13 21 0 1
2 9 13 21 2 2 9 13 22 13 1
2 9 13 21 5 2 9 13 23 50 1
2 9 13 21 28 2 9 13 22 33 1
2 9 13 21 29 2 9 13 22 33 1
2 9 13 21 37 2 9 13 22 36 1
2 9 13 21 47 2 9 13 22 46 1
2 9 13 21 51 2 9 13 22 50 1
2 9 13 22 1 2 9 13 23 2 1
2 9 13 22 27 2 9 13 22 41 1
2 9 13 22 30 2 9 13 23 29 1
2 9 13 22 45 2 9 13 23 44 1
2 9 13 22 55 2 9 13 23 6 1
2 9 13 22 56 2 9 13 23 44 1
2 9 13 22 57 2 10 13 0 40 1
2 9 13 22 58 2 9 13 23 51 1
2 9 13 23 22 2 10 13 0 21 1
2 9 13 23 24 2 9 13 23 44 1
2 9 13 23 25 2 10 13 23 25 1
2 9 13 23 49 2 10 13 2 8 1
2 10 13 7 1 2 10 13 9 1 1
2 11 13 19 2 2 11 13 20 1 1
2 14 13 16 41 2 14 13 17 22 1
2 15 13 8 26 2 15 13 9 30 1
2 15 13 16 22 2 15 13 17 52 1
2 15 13 17 52 2 15 13 19 42 1
2 15 13 18 11 2 15 13 18 24 1
2 17 13 20 23 2 17 13 21 22 1
2 18 13 6 37 2 18 13 7 0 1
2 18 13 8 1 2 18 13 8 23 1
2 18 13 13 20 2 18 13 13 49 1
2 18 13 16 39 2 18 13 17 34 1
2 18 13 16 48 2 18 13 17 51 1
2 18 13 22 15 2 18 13 23 58 1
2 19 13 17 59 2 19 13 19 30 1
2 19 13 18 34 2 19 13 19 0 1
2 19 13 19 30 2 19 13 20 0 1
2 20 13 16 57 2 20 13 17 33 1
2 20 13 17 43 2 20 13 18 16 1
2 21 13 4 35 2 21 13 5 34 1
2 21 13 5 36 2 21 13 7 35 1
2 21 13 16 7 2 21 13 17 14 1
2 21 13 16 27 2 21 13 18 40 1
2 21 13 16 40 2 21 13 16 53 1
2 21 13 17 41 2 21 13 18 2 1
2 21 13 20 29 2 21 13 20 42 1
2 22 13 5 28 2 22 13 7 27 1
2 22 13 5 45 2 22 13 7 59 1
2 22 13 5 55 2 22 13 6 54 1
2 22 13 8 7 2 22 13 8 43 1
2 22 13 8 32 2 22 13 9 25 1
2 22 13 19 39 2 22 13 20 16 1
2 23 13 20 28 2 23 13 20 39 1
2 23 13 20 32 2 23 13 22 6 1
2 23 13 21 36 2 23 13 22 43 1
2 23 13 22 15 2 23 13 23 15 1
2 23 13 23 13 2 24 13 1 29 1
2 23 13 23 43 2 24 13 0 42 1
2 24 13 1 25 2 24 13 1 42 1
2 24 13 6 44 2 24 13 7 41 1
2 24 13 16 15 2 24 13 17 24 1
2 25 13 9 12 2 25 13 11 11 1
2 25 13 13 11 2 25 13 14 11 1
2 25 13 13 35 2 25 13 14 11 1
2 25 13 15 31 2 25 13 16 31 1
2 25 13 18 6 2 25 13 19 5 1
2 27 13 3 38 2 27 13 6 7 1
2 28 13 19 14 2 28 13 21 13 1
3 1 13 15 0 3 1 13 15 10 1
3 1 13 15 9 3 1 13 16 8 1
3 1 13 16 24 3 1 13 17 23 1
3 1 13 16 48 3 1 13 18 19 1
3 1 13 17 58 3 1 13 18 0 1
3 1 13 18 22 3 1 13 19 20 1
3 2 13 15 30 3 2 13 16 29 1
3 2 13 15 31 3 2 13 16 30 1
3 3 13 16 27 3 3 13 16 37 1
3 4 13 14 11 3 4 13 15 10 1
3 4 13 17 12 3 4 13 18 7 1
3 4 13 17 59 3 4 13 18 11 1
3 5 13 22 18 3 5 13 22 33 1
3 6 13 10 33 3 6 13 10 46 1
3 7 13 17 34 3 7 13 18 13 1
3 7 13 17 35 3 7 13 18 4 1
3 8 13 0 17 3 8 13 0 21 1
3 8 13 17 40 3 8 13 19 0 1
3 11 13 12 29 3 11 13 13 29 1
3 11 13 12 44 3 11 13 12 49 1
3 11 13 13 27 3 11 13 14 26 1
3 11 13 17 50 3 11 13 18 46 1
3 12 13 16 30 3 12 13 16 50 1
3 12 13 18 0 3 12 13 19 59 1
3 15 13 1 29 3 15 13 7 29 1
3 15 13 15 28 3 15 13 16 12 1
3 15 13 16 39 3 15 13 17 38 1
3 15 13 16 43 3 15 13 17 31 1
3 15 13 17 41 3 15 13 18 7 1
3 15 13 18 17 3 15 13 18 54 1
3 16 13 1 15 3 16 13 1 51 1
3 16 13 3 40 3 16 13 5 54 1
3 16 13 14 38 3 16 13 16 26 1
3 16 13 14 55 3 16 13 15 33 1
3 16 13 18 34 3 16 13 18 55 1
3 17 13 1 45 3 17 13 2 24 1
3 17 13 21 10 3 18 13 3 10 1
3 18 13 7 11 3 18 13 7 45 1
3 18 13 7 33 3 18 13 8 3 1
3 18 13 7 55 3 18 13 8 56 1
3 18 13 8 24 3 18 13 8 42 1
3 18 13 8 25 3 18 13 8 54 1
3 18 13 9 35 3 18 13 10 25 1
3 18 13 10 27 3 18 13 10 32 1
3 18 13 14 20 3 18 13 15 19 1
3 18 13 14 46 3 18 13 15 4 1
3 18 13 15 49 3 18 13 16 47 1
3 18 13 18 19 3 18 13 19 19 1
3 18 13 21 33 3 18 13 21 54 1
3 21 13 0 53 3 21 13 1 0 1
3 21 13 18 19 3 21 13 20 19 1
3 22 13 10 8 3 22 13 11 7 1
3 22 13 14 25 3 22 13 15 24 1
3 22 13 17 6 3 22 13 18 4 1
3 22 13 17 45 3 22 13 23 45 1
3 22 13 17 52 3 22 13 18 50 1
3 22 13 17 57 3 22 13 18 55 1
3 22 13 19 52 3 22 13 21 8 1
3 22 13 19 53 3 23 13 1 53 1
3 22 13 23 19 3 23 13 0 18 1
3 22 13 23 28 3 23 13 0 27 1
3 22 13 23 32 3 23 13 0 19 1
3 22 13 23 34 3 23 13 0 20 1
3 22 13 23 34 3 23 13 0 20 1
3 22 13 23 35 3 23 13 0 35 1
3 22 13 23 36 3 23 13 0 20 1
3 22 13 23 36 3 23 13 0 35 1
3 22 13 23 37 3 23 13 0 36 1
3 22 13 23 38 3 23 13 0 37 1
3 22 13 23 39 3 23 13 0 38 1
3 22 13 23 40 3 23 13 0 39 1
3 22 13 23 44 3 23 13 0 43 1
3 22 13 23 45 3 23 13 0 45 1
3 22 13 23 47 3 23 13 0 47 1
3 22 13 23 49 3 23 13 0 48 1
3 22 13 23 49 3 23 13 0 49 1
3 22 13 23 51 3 23 13 0 23 1
3 22 13 23 52 3 23 13 0 23 1
3 22 13 23 53 3 23 13 1 44 1
3 23 13 0 24 3 23 13 3 13 1
3 23 13 0 25 3 23 13 1 44 1
3 23 13 0 39 3 23 13 3 9 1
3 23 13 0 53 3 23 13 3 9 1
3 23 13 0 56 3 23 13 3 9 1
3 23 13 1 47 3 23 13 2 46 1
3 23 13 1 55 3 23 13 2 54 1
3 23 13 1 56 3 23 13 3 9 1
3 23 13 1 58 3 23 13 3 10 1
3 23 13 1 59 3 23 13 3 13 1
3 23 13 2 0 3 23 13 2 12 1
3 23 13 3 27 3 23 13 5 3 1
3 23 13 3 28 3 23 13 4 20 1
3 23 13 5 21 3 23 13 8 19 1
3 23 13 5 38 3 23 13 7 44 1
3 23 13 19 40 3 23 13 20 40 1
3 23 13 21 46 3 23 13 21 55 1
3 24 13 16 46 3 24 13 17 45 1
3 25 13 16 58 3 25 13 18 8 1
3 25 13 17 0 3 25 13 17 3 1
3 25 13 18 46 3 25 13 19 45 1
3 26 13 16 13 3 26 13 16 39 1
3 26 13 23 14 3 26 13 23 37 1
3 27 13 17 54 3 27 13 18 17 1
3 29 13 17 35 3 29 13 18 27 1
3 29 13 18 15 3 29 13 19 14 1
3 29 13 18 22 3 29 13 19 17 1
3 29 13 18 29 3 29 13 19 17 1
3 29 13 18 34 3 29 13 19 33 1
3 29 13 20 17 3 29 13 21 10 1
3 30 13 16 15 3 30 13 16 40 1
3 30 13 16 25 3 30 13 17 44 1
3 31 13 16 53 3 31 13 17 52 1
4 1 13 6 19 4 1 13 7 18 1
4 1 13 10 2 4 1 13 10 54 1
4 1 13 17 35 4 1 13 17 53 1
4 1 13 17 49 4 1 13 19 31 1
4 2 13 16 58 4 2 13 18 57 1
4 2 13 18 4 4 2 13 18 14 1
4 3 13 15 16 4 3 13 16 15 1
4 4 13 10 47 4 4 13 10 59 1
4 4 13 10 51 4 4 13 11 52 1
4 5 13 16 39 4 5 13 17 32 1
4 5 13 17 22 4 5 13 17 32 1
4 5 13 17 31 4 5 13 18 45 1
4 5 13 17 44 4 5 13 18 46 1
4 5 13 18 29 4 5 13 19 29 1
4 5 13 18 51 4 5 13 19 32 1
4 6 13 19 17 4 6 13 19 58 1
4 7 13 13 25 4 7 13 13 35 1
4 8 13 10 17 4 8 13 12 16 1
4 8 13 11 28 4 8 13 12 27 1
4 8 13 13 2 4 8 13 14 21 1
4 8 13 13 50 4 8 13 15 26 1
4 8 13 15 28 4 8 13 15 49 1
4 8 13 17 7 4 8 13 17 44 1
4 10 13 7 48 4 10 13 7 52 1
4 10 13 7 49 4 10 13 8 16 1
4 10 13 17 56 4 10 13 17 58 1
4 11 13 8 4 4 11 13 9 8 1
4 11 13 17 12 4 11 13 21 6 1
4 12 13 16 7 4 12 13 16 31 1
4 12 13 17 1 4 12 13 17 5 1
4 12 13 17 26 4 12 13 18 25 1
4 12 13 18 26 4 12 13 19 30 1
4 14 13 4 29 4 14 13 4 57 1
4 14 13 6 32 4 14 13 8 31 1
4 14 13 12 55 4 14 13 18 55 1
4 14 13 13 13 4 14 13 14 49 1
4 14 13 18 44 4 14 13 19 19 1
4 14 13 21 52 4 14 13 22 14 1
4 15 13 1 34 4 15 13 2 26 1
4 15 13 9 39 4 15 13 9 50 1
4 15 13 10 44 4 15 13 12 43 1
4 19 13 7 19 4 19 13 7 38 1
4 19 13 14 4 4 19 13 15 3 1
4 19 13 16 52 4 19 13 17 21 1
4 19 13 17 13 4 19 13 17 31 1
4 19 13 17 19 4 19 13 18 29 1
4 19 13 17 30 4 19 13 17 46 1
4 19 13 17 32 4 19 13 18 46 1
4 19 13 18 4 4 19 13 18 29 1
4 19 13 18 17 4 19 13 20 23 1
4 20 13 12 38 4 20 13 13 31 1
4 20 13 14 42 4 20 13 14 52 1
4 20 13 15 59 4 20 13 16 27 1
4 20 13 16 13 4 20 13 16 55 1
4 20 13 19 15 4 20 13 19 41 1
4 22 13 14 59 4 22 13 15 58 1
4 22 13 17 8 4 22 13 17 19 1
4 22 13 17 30 4 22 13 23 30 1
4 22 13 18 9 4 22 13 19 31 1
4 24 13 17 47 4 24 13 18 10 1
4 26 13 15 49 4 26 13 17 1 1
4 26 13 16 33 4 26 13 16 51 1
4 26 13 17 26 4 26 13 17 36 1
4 27 13 16 5 4 27 13 17 50 1
4 27 13 23 47 4 28 13 5 56 1
4 27 13 23 55 4 28 13 0 31 1
4 28 13 13 29 4 28 13 14 13 1
4 28 13 13 41 4 29 13 3 44 1
4 28 13 19 14 4 28 13 19 34 1
4 29 13 13 29 4 29 13 14 33 1
4 29 13 16 11 4 29 13 17 10 1
4 29 13 18 7 4 29 13 18 54 1
4 29 13 18 43 4 29 13 18 53 1
4 30 13 17 4 4 30 13 17 7 1
4 30 13 17 35 4 30 13 18 33 1
5 3 13 3 28 5 3 13 4 8 1
5 3 13 15 23 5 3 13 16 5 1
5 3 13 15 27 5 3 13 16 26 1
5 3 13 17 11 5 3 13 18 23 1
5 3 13 17 36 5 3 13 18 28 1
5 3 13 17 55 5 3 13 17 56 1
5 3 13 18 47 5 3 13 19 42 1
5 4 13 15 15 5 4 13 16 36 1
5 4 13 17 28 5 4 13 17 41 1
5 4 13 17 58 5 4 13 19 9 1
5 5 13 13 27 5 5 13 13 28 1
5 5 13 15 30 5 5 13 16 22 1
5 6 13 15 35 5 6 13 15 43 1
5 6 13 17 47 5 6 13 19 12 1
5 6 13 18 53 5 6 13 19 12 1
5 7 13 5 43 5 7 13 5 56 1
5 7 13 23 17 5 8 13 0 9 1
5 8 13 0 10 5 8 13 1 10 1
5 8 13 5 7 5 8 13 6 10 1
5 8 13 8 12 5 8 13 8 18 1
5 8 13 23 12 5 8 13 23 43 1
5 9 13 7 46 5 9 13 8 22 1
5 9 13 22 17 5 9 13 22 39 1
5 9 13 22 56 5 9 13 23 55 1
5 10 13 1 57 5 10 13 4 11 1
5 10 13 7 52 5 10 13 8 26 1
5 10 13 15 27 5 10 13 16 4 1
5 11 13 1 54 5 11 13 2 54 1
5 11 13 12 19 5 11 13 13 22 1
5 11 13 14 24 5 11 13 15 10 1
5 12 13 2 5 5 12 13 2 49 1
5 12 13 20 6 5 12 13 20 14 1
5 13 13 6 45 5 13 13 7 58 1
5 13 13 8 13 5 13 13 10 13 1
5 13 13 18 9 5 13 13 18 47 1
5 15 13 15 10 5 16 13 15 10 1
5 16 13 6 49 5 16 13 7 34 1
5 16 13 7 14 5 16 13 9 17 1
5 16 13 14 19 5 16 13 15 16 1
5 16 13 16 4 5 16 13 17 19 1
5 17 13 1 29 5 17 13 2 42 1
5 17 13 10 7 5 17 13 11 4 1
5 17 13 12 33 5 17 13 13 18 1
5 17 13 15 1 5 17 13 16 2 1
5 17 13 15 40 5 17 13 16 15 1
5 17 13 16 3 5 17 13 17 1 1
5 18 13 2 12 5 18 13 3 21 1
5 18 13 16 58 5 18 13 17 51 1
5 18 13 18 0 5 18 13 18 9 1
5 19 13 7 12 5 19 13 8 17 1
5 19 13 13 17 5 19 13 14 9 1
5 19 13 18 11 5 19 13 18 13 1
5 20 13 17 30 5 20 13 18 37 1
5 20 13 17 46 5 20 13 19 13 1
5 21 13 6 48 5 21 13 7 30 1
5 22 13 13 47 5 22 13 14 29 1
5 22 13 13 54 5 22 13 15 2 1
5 22 13 17 12 5 22 13 18 54 1
5 22 13 23 4 5 22 13 23 14 1
5 23 13 11 48 5 23 13 13 12 1
5 23 13 17 2 5 23 13 17 5 1
5 25 13 0 19 5 25 13 1 4 1
5 25 13 4 20 5 25 13 5 36 1
5 27 13 15 31 5 27 13 16 3 1
5 28 13 15 42 5 28 13 16 54 1
5 29 13 2 46 5 29 13 3 41 1
5 29 13 22 4 5 29 13 23 15 1
5 30 13 16 43 5 30 13 17 8 1
5 30 13 16 59 5 30 13 17 36 1
5 31 13 14 47 5 31 13 14 50 1
5 31 13 15 5 5 31 13 21 5 1
5 31 13 15 15 5 31 13 21 15 1
5 31 13 15 46 5 31 13 21 46 1
5 31 13 16 16 5 31 13 22 16 1
5 31 13 16 37 5 31 13 22 37 1
5 31 13 16 54 5 31 13 17 10 1
5 31 13 21 13 5 31 13 22 11 1
6 2 13 17 5 6 2 13 23 5 1
6 3 13 12 21 6 3 13 12 59 1
6 3 13 17 25 6 3 13 17 38 1
6 6 13 8 8 6 6 13 9 7 1
6 6 13 14 5 6 6 13 14 51 1
6 6 13 19 56 6 6 13 23 11 1
6 6 13 22 2 6 6 13 23 1 1
6 7 13 11 30 6 7 13 11 43 1
6 7 13 16 20 6 7 13 16 47 1
6 7 13 17 37 6 7 13 19 36 1
6 8 13 16 13 6 8 13 17 12 1
6 8 13 17 6 6 8 13 18 5 1
6 10 13 16 42 6 10 13 17 41 1
6 10 13 17 15 6 10 13 19 14 1
6 10 13 17 23 6 10 13 18 21 1
6 10 13 18 9 6 10 13 18 10 1
6 10 13 19 25 6 11 13 0 2 1
6 11 13 16 54 6 11 13 17 50 1
6 11 13 17 14 6 11 13 18 41 1
6 13 13 14 4 6 13 13 15 40 1
6 13 13 21 9 6 13 13 21 19 1
6 14 13 11 50 6 14 13 12 40 1
6 14 13 16 39 6 14 13 18 21 1
6 14 13 16 52 6 14 13 17 50 1
6 16 13 1 0 6 16 13 2 1 1
6 16 13 18 0 6 16 13 19 0 1
6 17 13 15 52 6 17 13 16 51 1
6 17 13 17 26 6 17 13 18 25 1
6 17 13 22 3 6 17 13 22 14 1
6 18 13 13 48 6 18 13 15 29 1
6 18 13 15 44 6 18 13 16 58 1
6 18 13 18 44 6 18 13 19 37 1
6 19 13 3 10 6 19 13 3 30 1
6 19 13 5 51 6 19 13 7 20 1
6 19 13 9 10 6 19 13 10 9 1
6 19 13 10 23 6 19 13 11 10 1
6 19 13 18 16 6 19 13 18 57 1
6 21 13 5 38 6 21 13 5 49 1
6 21 13 14 46 6 21 13 15 45 1
6 21 13 15 14 6 21 13 16 13 1
6 21 13 15 42 6 21 13 16 40 1
6 21 13 16 42 6 21 13 17 41 1
6 21 13 17 33 6 21 13 18 32 1
6 21 13 18 11 6 21 13 19 20 1
6 21 13 19 58 6 21 13 20 57 1
6 22 13 10 10 6 22 13 10 25 1
6 22 13 14 42 6 22 13 15 41 1
6 22 13 18 44 6 22 13 19 43 1
6 23 13 18 14 6 23 13 20 14 1
6 23 13 20 7 6 23 13 22 6 1
6 24 13 13 21 6 24 13 15 21 1
6 24 13 16 29 6 24 13 16 30 1
6 24 13 18 30 6 24 13 19 48 1
6 24 13 20 55 6 24 13 21 54 1
6 26 13 3 14 6 26 13 3 16 1
6 26 13 5 46 6 26 13 11 46 1
6 26 13 8 22 6 26 13 9 6 1
6 26 13 16 40 6 26 13 17 6 1
6 27 13 17 6 6 27 13 18 45 1
6 28 13 14 28 6 28 13 15 26 1
6 28 13 14 43 6 28 13 15 42 1
6 28 13 15 49 6 28 13 16 46 1
6 28 13 16 25 6 28 13 17 24 1
6 28 13 22 46 6 28 13 23 2 1
6 29 13 0 20 6 29 13 1 39 1
6 29 13 7 4 6 29 13 7 25 1
6 29 13 11 43 6 29 13 13 4 1
6 29 13 17 37 6 29 13 18 36 1
7 1 13 15 21 7 1 13 17 20 1
7 1 13 16 38 7 1 13 17 37 1
7 1 13 17 25 7 1 13 18 25 1
7 1 13 17 32 7 1 13 18 31 1
7 1 13 17 33 7 1 13 18 32 1
7 1 13 19 25 7 1 13 20 24 1
7 1 13 22 54 7 2 13 0 17 1
7 2 13 17 34 7 2 13 17 38 1
7 2 13 22 36 7 2 13 23 24 1
7 3 13 13 49 7 3 13 17 40 1
7 3 13 14 51 7 3 13 14 56 1
7 3 13 17 15 7 3 13 18 37 1
7 3 13 17 32 7 3 13 19 0 1
7 4 13 16 59 7 4 13 22 59 1
7 5 13 15 9 7 5 13 16 8 1
7 5 13 16 35 7 5 13 17 33 1
7 5 13 17 52 7 5 13 19 50 1
7 6 13 16 51 7 6 13 17 50 1
7 6 13 17 37 7 6 13 18 36 1
7 6 13 17 43 7 6 13 19 43 1
7 6 13 18 49 7 6 13 20 48 1
7 6 13 19 13 7 6 13 21 12 1
7 7 13 15 18 7 7 13 16 17 1
7 7 13 15 25 7 7 13 17 24 1
7 7 13 15 51 7 7 13 15 54 1
7 7 13 16 9 7 7 13 17 9 1
7 7 13 16 33 7 7 13 17 32 1
7 7 13 17 9 7 7 13 18 8 1
7 7 13 22 13 7 7 13 23 6 1
7 8 13 16 16 7 8 13 18 16 1
7 8 13 16 22 7 8 13 17 14 1
7 8 13 16 30 7 8 13 17 29 1
7 8 13 16 55 7 8 13 17 23 1
7 8 13 17 55 7 8 13 18 26 1
7 9 13 1 20 7 9 13 2 8 1
7 9 13 2 53 7 9 13 3 25 1
7 9 13 17 31 7 9 13 17 45 1
7 12 13 14 21 7 12 13 15 20 1
7 12 13 14 44 7 12 13 15 43 1
7 12 13 15 31 7 12 13 16 30 1
7 12 13 16 16 7 12 13 18 15 1
7 12 13 16 36 7 12 13 17 35 1
7 12 13 17 1 7 12 13 17 59 1
7 12 13 17 13 7 12 13 18 12 1
7 12 13 17 19 7 12 13 18 1 1
7 12 13 18 32 7 12 13 19 31 1
7 13 13 1 21 7 13 13 2 58 1
7 13 13 18 47 7 13 13 20 46 1
7 13 13 18 49 7 13 13 19 48 1
7 13 13 19 15 7 13 13 21 14 1
7 13 13 19 41 7 13 13 21 40 1
7 14 13 13 50 7 14 13 14 45 1
7 15 13 0 26 7 15 13 0 39 1
7 15 13 12 11 7 15 13 14 10 1
7 15 13 14 7 7 15 13 15 6 1
7 15 13 16 7 7 15 13 17 7 1
7 15 13 16 17 7 15 13 17 16 1
7 15 13 17 17 7 15 13 19 16 1
7 15 13 18 39 7 16 13 0 39 1
7 15 13 19 40 7 15 13 20 39 1
7 15 13 22 30 7 15 13 22 33 1
7 16 13 8 49 7 16 13 8 56 1
7 18 13 1 0 7 18 13 2 0 1
7 18 13 15 10 7 18 13 16 54 1
7 19 13 5 41 7 19 13 5 55 1
7 19 13 16 9 7 19 13 17 8 1
7 19 13 16 45 7 19 13 18 45 1
7 19 13 16 54 7 19 13 17 53 1
7 19 13 18 31 7 19 13 19 30 1
7 19 13 23 13 7 20 13 1 12 1
7 20 13 14 9 7 20 13 15 7 1
7 20 13 14 20 7 20 13 15 19 1
7 20 13 17 45 7 20 13 18 44 1
7 21 13 12 54 7 21 13 13 40 1
7 21 13 17 7 7 22 13 1 0 1
7 21 13 17 36 7 21 13 18 5 1
7 21 13 20 31 7 21 13 22 30 1
7 22 13 8 0 7 22 13 8 23 1
7 22 13 14 21 7 22 13 15 9 1
7 22 13 14 45 7 22 13 16 43 1
7 22 13 17 31 7 22 13 19 30 1
7 22 13 17 48 7 22 13 18 46 1
7 23 13 11 1 7 23 13 11 32 1
7 23 13 19 28 7 23 13 20 1 1
7 24 13 17 21 7 24 13 18 4 1
7 24 13 18 23 7 24 13 19 39 1
7 24 13 21 51 7 24 13 22 35 1
7 24 13 21 52 7 25 13 21 52 1
7 25 13 3 26 7 25 13 3 35 1
7 25 13 13 31 7 25 13 14 22 1
7 25 13 17 19 7 25 13 18 28 1
7 25 13 22 52 7 25 13 23 35 1
7 26 13 1 57 7 26 13 3 6 1
7 26 13 3 27 7 26 13 4 21 1
7 26 13 15 2 7 26 13 17 1 1
7 26 13 15 15 7 26 13 16 14 1
7 26 13 15 37 7 26 13 21 37 1
7 26 13 18 42 7 27 13 3 51 1
7 27 13 16 27 7 27 13 17 26 1
7 28 13 15 0 7 28 13 15 46 1
7 29 13 6 18 7 29 13 7 17 1
7 29 13 6 42 7 29 13 7 28 1
7 29 13 7 40 7 29 13 8 38 1
7 29 13 11 31 7 29 13 12 30 1
7 29 13 12 53 7 29 13 13 51 1
7 29 13 15 0 7 29 13 15 31 1
7 29 13 15 56 7 29 13 19 56 1
7 29 13 16 6 7 29 13 17 31 1
7 29 13 16 53 7 29 13 18 52 1
7 29 13 17 14 7 29 13 17 31 1
7 29 13 17 50 7 29 13 19 48 1
7 29 13 17 54 7 29 13 18 19 1
7 29 13 18 10 7 29 13 20 9 1
7 29 13 18 11 7 29 13 18 15 1
7 29 13 18 18 7 29 13 20 17 1
7 29 13 18 20 7 30 13 0 20 1
7 29 13 18 48 7 29 13 19 47 1
7 30 13 8 55 7 30 13 10 22 1
7 30 13 14 44 7 30 13 15 44 1
7 30 13 15 56 7 30 13 16 54 1
7 30 13 16 44 7 30 13 17 41 1
7 31 13 17 4 7 31 13 18 3 1
7 31 13 17 29 7 31 13 18 37 1
7 31 13 17 38 7 31 13 19 8 1
7 31 13 23 40 8 1 13 0 11 1
8 1 13 0 13 8 1 13 6 13 1
8 1 13 8 49 8 1 13 9 22 1
8 1 13 8 55 8 1 13 10 37 1
8 1 13 9 36 8 1 13 9 44 1
8 1 13 9 41 8 1 13 10 26 1
8 1 13 17 18 8 1 13 18 17 1
8 1 13 17 35 8 1 13 18 34 1
8 2 13 7 5 8 2 13 7 57 1
8 2 13 14 55 8 2 13 15 20 1
8 2 13 15 55 8 2 13 17 9 1
8 2 13 16 58 8 2 13 17 57 1
8 2 13 17 16 8 2 13 18 9 1
8 2 13 17 17 8 2 13 18 5 1
8 2 13 17 18 8 2 13 18 5 1
8 2 13 17 44 8 2 13 17 45 1
8 2 13 18 25 8 2 13 19 24 1
8 2 13 18 36 8 2 13 19 35 1
8 2 13 23 36 8 2 13 23 47 1
8 3 13 13 53 8 3 13 15 0 1
8 3 13 16 42 8 3 13 17 25 1
8 3 13 21 11 8 3 13 22 10 1
8 4 13 15 45 8 4 13 15 55 1
8 4 13 20 5 8 4 13 21 4 1
8 5 13 5 30 8 5 13 7 8 1
8 5 13 8 10 8 5 13 9 24 1
8 5 13 9 19 8 5 13 10 12 1
8 5 13 9 40 8 5 13 9 54 1
8 5 13 10 38 8 5 13 11 37 1
8 5 13 15 30 8 5 13 16 45 1
8 5 13 16 36 8 5 13 17 3 1
8 6 13 14 13 8 6 13 15 11 1
8 6 13 17 18 8 6 13 18 44 1
8 6 13 18 24 8 6 13 19 5 1
8 6 13 18 31 8 6 13 19 30 1
8 7 13 17 25 8 7 13 17 46 1
8 7 13 18 0 8 7 13 18 59 1
8 8 13 15 32 8 8 13 16 31 1
8 8 13 16 14 8 8 13 17 2 1
8 8 13 16 51 8 8 13 17 48 1
8 8 13 17 49 8 8 13 18 10 1
8 9 13 16 4 8 9 13 18 4 1
8 9 13 17 6 8 9 13 19 5 1
8 9 13 17 10 8 9 13 18 9 1
8 9 13 23 32 8 10 13 0 31 1
8 10 13 19 5 8 10 13 21 4 1
8 10 13 19 12 8 10 13 20 33 1
8 12 13 0 35 8 12 13 1 29 1
8 12 13 0 37 8 12 13 1 29 1
8 12 13 8 9 8 12 13 9 8 1
8 12 13 13 26 8 12 13 13 50 1
8 12 13 14 38 8 12 13 16 38 1
8 12 13 15 50 8 12 13 16 49 1
8 12 13 17 31 8 12 13 19 30 1
8 12 13 18 12 8 12 13 18 55 1
8 13 13 12 42 8 13 13 16 18 1
8 13 13 17 59 8 13 13 19 13 1
8 14 13 15 34 8 14 13 16 35 1
8 14 13 17 0 8 14 13 17 24 1
8 15 13 15 23 8 15 13 15 35 1
8 15 13 15 35 8 15 13 16 34 1
8 15 13 16 20 8 15 13 16 43 1
8 15 13 16 32 8 15 13 17 31 1
8 15 13 16 52 8 15 13 17 38 1
8 15 13 17 6 8 15 13 17 58 1
8 15 13 17 50 8 15 13 17 57 1
8 15 13 23 49 8 16 13 2 26 1
8 16 13 14 50 8 16 13 16 49 1
8 16 13 16 9 8 16 13 17 8 1
8 16 13 16 16 8 16 13 16 56 1
8 16 13 16 54 8 16 13 17 54 1
8 16 13 17 10 8 16 13 18 0 1
8 16 13 17 53 8 16 13 18 1 1
8 16 13 18 21 8 16 13 19 20 1
8 16 13 19 38 8 16 13 20 15 1
8 16 13 22 28 8 16 13 23 27 1
8 17 13 18 22 8 17 13 19 1 1
8 17 13 22 12 8 17 13 23 6 1
8 18 13 7 49 8 18 13 7 56 1
8 18 13 22 48 8 19 13 4 48 1
8 19 13 7 20 8 19 13 7 27 1
8 19 13 7 58 8 19 13 8 5 1
8 19 13 15 12 8 19 13 16 11 1
8 19 13 15 15 8 19 13 16 14 1
8 19 13 16 14 8 19 13 17 34 1
8 19 13 16 53 8 19 13 18 52 1
8 19 13 17 2 8 19 13 19 1 1
8 19 13 17 30 8 19 13 19 29 1
8 19 13 18 2 8 19 13 18 36 1
8 19 13 19 33 8 19 13 19 53 1
8 20 13 14 24 8 20 13 15 23 1
8 20 13 16 52 8 20 13 18 3 1
8 21 13 7 27 8 21 13 8 45 1
8 21 13 7 36 8 21 13 8 45 1
8 21 13 16 43 8 21 13 17 42 1
8 21 13 22 51 8 21 13 23 26 1
8 22 13 14 10 8 22 13 15 9 1
8 22 13 14 36 8 22 13 15 17 1
8 22 13 14 44 8 22 13 15 21 1
8 22 13 14 44 8 23 13 14 44 1
8 22 13 23 39 8 23 13 5 39 1
8 23 13 17 58 8 23 13 19 57 1
8 23 13 18 42 8 23 13 19 21 1
8 23 13 19 6 8 23 13 20 5 1
8 23 13 19 17 8 23 13 20 15 1
8 23 13 20 49 8 23 13 22 47 1
8 24 13 17 25 8 24 13 19 24 1
8 24 13 18 24 8 24 13 19 23 1
8 25 13 12 8 8 25 13 18 8 1
8 25 13 13 2 8 25 13 14 18 1
8 25 13 18 4 8 25 13 19 3 1
8 26 13 7 31 8 26 13 8 49 1
8 26 13 7 45 8 26 13 9 2 1
8 26 13 7 49 8 26 13 8 6 1
8 26 13 8 39 8 26 13 9 19 1
8 26 13 12 57 8 26 13 18 16 1
8 26 13 14 29 8 26 13 15 28 1
8 26 13 19 15 8 26 13 21 14 1
8 26 13 23 15 8 27 13 0 26 1
8 27 13 13 41 8 27 13 14 43 1
8 27 13 18 16 8 27 13 18 26 1
8 28 13 8 27 8 28 13 9 48 1
8 28 13 16 49 8 28 13 16 58 1
8 28 13 17 4 8 28 13 18 0 1
8 28 13 17 17 8 28 13 17 27 1
8 28 13 18 32 8 28 13 18 34 1
8 29 13 8 13 8 29 13 9 40 1
8 29 13 15 17 8 29 13 16 8 1
8 29 13 15 47 8 29 13 15 56 1
8 29 13 16 4 8 29 13 17 3 1
8 29 13 16 11 8 29 13 17 10 1
8 29 13 16 22 8 29 13 16 47 1
8 29 13 16 49 8 29 13 17 49 1
8 29 13 18 5 8 29 13 19 7 1
8 29 13 18 7 8 29 13 19 6 1
8 29 13 18 7 8 29 13 19 34 1
8 29 13 18 32 8 29 13 19 31 1
8 30 13 8 45 8 30 13 9 38 1
8 30 13 15 25 8 30 13 16 24 1
8 30 13 15 52 8 30 13 16 42 1
8 30 13 15 54 8 30 13 16 44 1
8 30 13 16 40 8 30 13 18 39 1
8 30 13 17 39 8 30 13 19 38 1
8 31 13 15 12 8 31 13 16 14 1
8 31 13 18 18 8 31 13 20 17 1
8 31 13 19 6 8 31 13 20 30 1
9 1 13 9 1 9 1 13 9 13 1
9 1 13 15 44 9 1 13 17 44 1
9 1 13 20 15 9 1 13 21 6 1
9 1 13 20 20 9 1 13 21 19 1
9 2 13 7 14 9 2 13 8 12 1
9 2 13 9 11 9 2 13 9 28 1
9 2 13 11 21 9 2 13 11 51 1
9 2 13 14 0 9 2 13 14 59 1
9 3 13 0 55 9 3 13 6 55 1
9 3 13 8 58 9 3 13 9 56 1
9 3 13 12 9 9 3 13 18 9 1
9 3 13 13 54 9 3 13 19 54 1
9 3 13 13 56 9 3 13 19 56 1
9 3 13 13 58 9 3 13 19 58 1
9 3 13 14 32 9 3 13 20 32 1
9 3 13 16 24 9 3 13 22 24 1
9 3 13 16 54 9 3 13 18 5 1
9 3 13 17 11 9 3 13 18 11 1
9 3 13 17 28 9 3 13 18 27 1
9 3 13 17 41 9 3 13 18 45 1
9 4 13 15 54 9 4 13 16 52 1
9 4 13 17 50 9 4 13 18 49 1
9 4 13 18 4 9 4 13 18 50 1
9 5 13 15 28 9 5 13 16 27 1
9 5 13 16 56 9 5 13 17 2 1
9 5 13 17 54 9 5 13 18 53 1
9 5 13 18 1 9 5 13 18 27 1
9 5 13 18 46 9 5 13 19 45 1
9 5 13 18 48 9 5 13 18 56 1
9 6 13 5 12 9 6 13 5 21 1
9 6 13 8 7 9 6 13 8 15 1
9 6 13 8 12 9 6 13 10 7 1
9 6 13 8 27 9 6 13 9 37 1
9 6 13 13 11 9 6 13 13 18 1
9 6 13 14 37 9 6 13 16 36 1
9 6 13 14 47 9 6 13 15 23 1
9 6 13 16 46 9 6 13 17 48 1
9 6 13 17 45 9 6 13 17 52 1
9 6 13 21 0 9 6 13 22 59 1
9 6 13 22 3 9 6 13 22 23 1
9 7 13 12 9 9 7 13 12 47 1
9 7 13 17 56 9 7 13 19 55 1
9 7 13 23 27 9 8 13 1 25 1
9 8 13 16 58 9 8 13 17 57 1
9 8 13 18 53 9 8 13 20 53 1
9 8 13 20 35 9 8 13 21 34 1
9 9 13 7 7 9 9 13 8 6 1
9 9 13 8 48 9 9 13 9 47 1
9 9 13 9 55 9 9 13 10 54 1
9 9 13 12 25 9 9 13 14 24 1
9 9 13 15 58 9 9 13 17 58 1
9 9 13 16 35 9 9 13 18 34 1
9 10 13 11 45 9 10 13 12 42 1
9 10 13 14 55 9 10 13 15 54 1
9 10 13 15 23 9 10 13 15 52 1
9 11 13 2 23 9 11 13 2 31 1
9 11 13 6 53 9 11 13 7 39 1
9 11 13 7 59 9 11 13 8 21 1
9 11 13 8 38 9 11 13 8 43 1
9 11 13 14 37 9 11 13 15 37 1
9 11 13 16 38 9 11 13 22 38 1
9 11 13 17 47 9 11 13 18 10 1
9 11 13 18 11 9 11 13 19 16 1
9 12 13 6 28 9 12 13 7 23 1
9 12 13 7 47 9 12 13 8 46 1
9 12 13 16 51 9 12 13 17 50 1
9 12 13 16 55 9 12 13 17 54 1
9 12 13 17 10 9 12 13 17 22 1
9 12 13 17 24 9 12 13 18 22 1
9 12 13 19 27 9 12 13 20 8 1
9 13 13 0 31 9 13 13 6 31 1
9 13 13 7 21 9 13 13 8 21 1
9 13 13 8 17 9 13 13 9 16 1
9 13 13 8 19 9 13 13 9 32 1
9 13 13 8 57 9 13 13 9 38 1
9 13 13 9 53 9 13 13 11 38 1
9 13 13 15 4 9 13 13 16 19 1
9 13 13 15 25 9 13 13 17 24 1
9 13 13 16 3 9 13 13 16 18 1
9 13 13 16 13 9 13 13 18 13 1
9 13 13 16 17 9 13 13 16 41 1
9 13 13 16 52 9 13 13 18 51 1
9 13 13 17 24 9 13 13 17 36 1
9 13 13 18 40 9 13 13 20 39 1
9 14 13 2 46 9 14 13 3 22 1
9 14 13 3 15 9 14 13 9 15 1
9 14 13 13 16 9 14 13 14 36 1
9 14 13 13 50 9 14 13 13 51 1
9 14 13 14 11 9 14 13 15 11 1
9 14 13 23 38 9 15 13 0 37 1
9 15 13 15 19 9 15 13 17 18 1
9 15 13 16 15 9 15 13 17 10 1
9 16 13 7 24 9 16 13 8 54 1
9 16 13 15 18 9 16 13 17 18 1
9 16 13 16 0 9 16 13 17 59 1
9 16 13 17 28 9 16 13 18 27 1
9 17 13 6 54 9 17 13 7 3 1
9 17 13 13 50 9 17 13 13 56 1
9 18 13 15 33 9 18 13 16 33 1
9 18 13 21 6 9 18 13 22 16 1
9 19 13 1 33 9 19 13 2 12 1
9 19 13 7 51 9 19 13 8 5 1
9 19 13 8 6 9 19 13 9 29 1
9 19 13 8 42 9 19 13 9 49 1
9 19 13 8 46 9 19 13 9 49 1
9 19 13 12 59 9 19 13 14 36 1
9 19 13 16 53 9 19 13 17 53 1
9 19 13 17 1 9 19 13 17 41 1
9 19 13 18 32 9 19 13 19 7 1
9 20 13 14 23 9 20 13 16 22 1
9 20 13 14 46 9 20 13 15 45 1
9 20 13 16 35 9 20 13 17 33 1
9 20 13 16 43 9 20 13 17 42 1
9 20 13 17 24 9 20 13 19 23 1
9 20 13 17 32 9 20 13 19 31 1
9 20 13 18 11 9 20 13 18 58 1
9 20 13 23 30 9 21 13 1 29 1
9 21 13 1 5 9 21 13 2 10 1
9 21 13 12 5 9 21 13 13 26 1
9 21 13 15 13 9 21 13 15 30 1
9 21 13 19 3 9 21 13 21 2 1
9 21 13 22 32 9 21 13 23 31 1
9 22 13 0 33 9 22 13 5 53 1
9 22 13 12 31 9 22 13 13 30 1
9 22 13 17 25 9 22 13 18 24 1
9 23 13 8 11 9 23 13 9 10 1
9 23 13 9 24 9 23 13 10 23 1
9 23 13 16 6 9 23 13 17 28 1
9 23 13 17 6 9 23 13 17 33 1
9 23 13 17 59 9 23 13 18 4 1
9 24 13 1 50 9 24 13 2 51 1
9 24 13 8 0 9 24 13 9 0 1
9 24 13 8 52 9 24 13 9 7 1
9 24 13 11 59 9 24 13 12 58 1
9 25 13 5 36 9 25 13 7 3 1
9 25 13 12 34 9 25 13 13 33 1
9 25 13 15 15 9 25 13 16 14 1
9 25 13 15 55 9 25 13 16 8 1
9 25 13 16 26 9 25 13 17 25 1
9 25 13 16 38 9 25 13 17 38 1
9 25 13 17 48 9 25 13 18 56 1
9 25 13 18 11 9 25 13 18 56 1
9 25 13 22 16 9 25 13 22 36 1
9 26 13 16 30 9 26 13 18 1 1
9 26 13 17 7 9 26 13 18 0 1
9 26 13 17 36 9 26 13 18 20 1
9 26 13 17 45 9 26 13 18 8 1
9 27 13 12 0 9 27 13 13 5 1
9 27 13 13 12 9 27 13 13 16 1
9 27 13 14 37 9 27 13 14 40 1
9 27 13 16 1 9 27 13 17 0 1
9 27 13 16 39 9 27 13 18 38 1
9 27 13 17 3 9 27 13 17 17 1
9 27 13 17 35 9 27 13 18 34 1
9 27 13 17 58 9 27 13 21 21 1
9 27 13 18 39 9 27 13 19 39 1
9 27 13 21 7 9 27 13 22 6 1
9 27 13 22 4 9 27 13 22 45 1
9 28 13 13 11 9 28 13 13 23 1
9 28 13 13 50 9 28 13 15 11 1
9 28 13 20 21 9 28 13 21 20 1
9 30 13 6 2 9 30 13 6 52 1
9 30 13 8 5 9 30 13 9 5 1
9 30 13 13 32 9 30 13 14 1 1
9 30 13 13 42 9 30 13 14 41 1
9 30 13 16 45 9 30 13 18 44 1
9 30 13 17 11 9 30 13 19 11 1
10 1 13 8 19 10 1 13 10 0 1
10 1 13 12 22 10 1 13 12 27 1
10 1 13 16 52 10 1 13 17 35 1
10 1 13 17 32 10 1 13 18 35 1
10 2 13 7 30 10 2 13 8 19 1
10 2 13 12 51 10 2 13 13 14 1
10 2 13 16 34 10 2 13 16 48 1
10 2 13 17 15 10 2 13 17 55 1
10 2 13 17 15 10 2 13 17 55 1
10 2 13 18 20 10 2 13 21 12 1
10 3 13 8 28 10 3 13 9 14 1
10 3 13 11 21 10 3 13 12 36 1
10 3 13 11 39 10 3 13 12 38 1
10 3 13 16 51 10 3 13 17 49 1
10 3 13 17 42 10 3 13 18 41 1
10 3 13 18 4 10 3 13 19 28 1
10 3 13 18 28 10 3 13 19 28 1
10 3 13 20 23 10 3 13 20 46 1
10 3 13 22 55 10 3 13 23 48 1
10 4 13 17 6 10 4 13 18 5 1
10 4 13 17 27 10 4 13 18 27 1
10 4 13 17 38 10 4 13 18 37 1
10 4 13 17 57 10 4 13 23 57 1
10 4 13 18 17 10 4 13 20 16 1
10 4 13 18 27 10 4 13 18 41 1
10 4 13 19 35 10 4 13 20 35 1
10 4 13 23 34 10 4 13 23 57 1
10 5 13 3 33 10 5 13 4 39 1
10 5 13 18 29 10 5 13 19 29 1
10 5 13 19 7 10 5 13 21 7 1
10 5 13 21 4 10 5 13 21 41 1
10 6 13 11 1 10 6 13 12 2 1
10 6 13 13 17 10 6 13 15 13 1
10 6 13 13 27 10 6 13 13 40 1
10 7 13 6 53 10 7 13 7 53 1
10 7 13 7 23 10 7 13 8 7 1
10 7 13 12 10 10 7 13 13 9 1
10 7 13 12 45 10 7 13 14 44 1
10 7 13 14 33 10 7 13 15 32 1
10 8 13 7 34 10 8 13 8 57 1
10 8 13 8 59 10 8 13 9 47 1
10 8 13 16 40 10 8 13 17 40 1
10 8 13 16 46 10 8 13 17 46 1
10 8 13 18 0 10 8 13 18 59 1
10 8 13 18 38 10 8 13 20 4 1
10 9 13 7 16 10 9 13 7 23 1
10 9 13 8 31 10 9 13 9 39 1
10 9 13 9 10 10 9 13 9 42 1
10 9 13 9 33 10 9 13 10 4 1
10 9 13 16 20 10 9 13 17 20 1
10 9 13 17 41 10 9 13 18 40 1
10 10 13 7 53 10 10 13 8 52 1
10 10 13 8 10 10 10 13 9 21 1
10 10 13 8 38 10 10 13 9 18 1
10 10 13 9 27 10 10 13 10 37 1
10 10 13 10 9 10 10 13 10 58 1
10 10 13 15 7 10 10 13 15 52 1
10 10 13 15 53 10 10 13 15 56 1
10 10 13 17 41 10 10 13 18 46 1
10 10 13 18 9 10 10 13 20 10 1
10 10 13 18 10 10 11 13 18 10 1
10 10 13 21 36 10 10 13 22 35 1
10 11 13 7 40 10 11 13 8 39 1
10 11 13 8 1 10 11 13 8 5 1
10 11 13 10 48 10 11 13 10 52 1
10 11 13 14 53 10 11 13 16 52 1
10 11 13 14 56 10 11 13 15 55 1
10 11 13 15 16 10 11 13 17 15 1
10 11 13 16 4 10 11 13 18 4 1
10 11 13 17 37 10 11 13 18 26 1
10 11 13 18 35 10 11 13 19 34 1
10 11 13 19 23 10 11 13 21 22 1
10 11 13 21 34 10 11 13 21 39 1
10 12 13 13 56 10 12 13 14 2 1
10 12 13 18 1 10 12 13 18 55 1
10 13 13 16 3 10 13 13 17 2 1
10 13 13 16 43 10 13 13 17 44 1
10 13 13 20 49 10 13 13 21 48 1
10 14 13 6 51 10 14 13 7 50 1
10 14 13 11 4 10 14 13 12 4 1
10 14 13 11 33 10 14 13 12 32 1
10 14 13 14 16 10 14 13 20 16 1
10 14 13 17 5 10 14 13 19 4 1
10 14 13 17 29 10 14 13 19 28 1
10 14 13 17 43 10 14 13 19 42 1
10 15 13 8 21 10 15 13 8 56 1
10 15 13 9 8 10 15 13 9 13 1
10 15 13 16 57 10 15 13 17 56 1
10 16 13 7 40 10 16 13 7 41 1
10 16 13 9 20 10 16 13 9 34 1
10 16 13 18 53 10 16 13 20 25 1
10 16 13 19 45 10 16 13 20 45 1
10 17 13 7 52 10 17 13 8 51 1
10 17 13 16 23 10 17 13 17 22 1
10 17 13 17 0 10 17 13 18 0 1
10 17 13 17 9 10 17 13 18 8 1
10 17 13 18 23 10 17 13 19 39 1
10 17 13 21 16 10 17 13 23 19 1
10 18 13 10 57 10 18 13 11 23 1
10 18 13 14 55 10 18 13 16 55 1
10 18 13 15 24 10 18 13 17 23 1
10 18 13 15 53 10 18 13 16 53 1
10 18 13 16 40 10 18 13 17 58 1
10 18 13 16 40 10 19 13 16 40 1
10 18 13 16 54 10 18 13 18 53 1
10 18 13 16 55 10 18 13 16 56 1
10 18 13 17 20 10 18 13 17 31 1
10 18 13 17 21 10 18 13 19 20 1
10 18 13 17 31 10 18 13 18 8 1
10 18 13 17 53 10 18 13 18 1 1
10 18 13 17 56 10 18 13 18 55 1
10 19 13 1 40 10 19 13 3 3 1
10 19 13 7 56 10 19 13 9 27 1
10 19 13 9 25 10 19 13 10 3 1
10 19 13 14 44 10 19 13 17 23 1
10 20 13 16 55 10 20 13 18 0 1
10 20 13 18 5 10 20 13 19 4 1
10 21 13 6 59 10 21 13 7 58 1
10 21 13 7 29 10 21 13 7 46 1
10 21 13 7 30 10 21 13 7 44 1
10 21 13 12 29 10 21 13 16 0 1
10 21 13 12 41 10 21 13 14 40 1
10 21 13 16 32 10 21 13 17 31 1
10 21 13 17 37 10 21 13 18 13 1
10 21 13 20 45 10 21 13 21 45 1
10 21 13 21 30 10 21 13 22 29 1
10 22 13 16 6 10 22 13 16 13 1
10 22 13 16 18 10 22 13 17 18 1
10 22 13 17 57 10 22 13 18 56 1
10 22 13 18 0 10 22 13 19 7 1
10 22 13 18 1 10 22 13 19 0 1
10 22 13 18 44 10 22 13 19 44 1
10 23 13 0 9 10 23 13 0 59 1
10 23 13 8 59 10 23 13 9 57 1
10 23 13 9 4 10 23 13 9 59 1
10 23 13 16 32 10 23 13 18 11 1
10 23 13 17 10 10 23 13 18 9 1
10 23 13 17 35 10 23 13 18 47 1
10 23 13 17 39 10 23 13 18 34 1
10 24 13 8 50 10 24 13 9 34 1
10 24 13 11 54 10 24 13 12 53 1
10 24 13 14 36 10 24 13 15 35 1
10 24 13 17 5 10 24 13 18 5 1
10 24 13 17 49 10 24 13 18 31 1
10 25 13 5 17 10 25 13 11 17 1
10 25 13 11 8 10 25 13 12 11 1
10 25 13 16 2 10 25 13 17 1 1
10 25 13 16 16 10 25 13 17 14 1
10 25 13 16 27 10 25 13 17 26 1
10 25 13 16 53 10 25 13 17 52 1
10 25 13 16 59 10 25 13 17 58 1
10 25 13 17 30 10 25 13 19 29 1
10 25 13 17 30 10 25 13 18 9 1
10 25 13 17 34 10 25 13 18 21 1
10 25 13 17 46 10 25 13 18 10 1
10 25 13 18 22 10 25 13 19 55 1
10 25 13 18 33 10 25 13 19 32 1
10 25 13 19 6 10 25 13 20 5 1
10 25 13 19 42 10 25 13 20 43 1
10 25 13 20 16 10 26 13 2 16 1
10 26 13 3 38 10 26 13 5 1 1
10 26 13 9 30 10 26 13 11 18 1
10 26 13 14 23 10 26 13 14 25 1
10 26 13 18 40 10 26 13 19 39 1
10 27 13 12 11 10 27 13 12 49 1
10 28 13 0 32 10 28 13 0 41 1
10 28 13 8 38 10 28 13 9 38 1
10 28 13 10 53 10 28 13 11 37 1
10 28 13 13 36 10 28 13 14 16 1
10 28 13 13 36 10 28 13 14 16 1
10 28 13 13 41 10 28 13 13 55 1
10 28 13 16 26 10 28 13 16 35 1
10 28 13 17 26 10 28 13 17 39 1
10 28 13 18 19 10 28 13 19 29 1
10 29 13 7 34 10 29 13 8 38 1
10 29 13 9 13 10 29 13 9 46 1
10 29 13 14 24 10 29 13 15 23 1
10 29 13 15 7 10 29 13 16 6 1
10 29 13 16 32 10 29 13 17 34 1
10 29 13 17 44 10 29 13 18 24 1
10 30 13 7 25 10 30 13 8 8 1
10 30 13 8 7 10 30 13 8 24 1
10 30 13 13 25 10 30 13 15 3 1
10 30 13 18 12 10 30 13 18 46 1
10 30 13 18 25 10 30 13 19 28 1
10 30 13 18 30 10 30 13 20 21 1
10 30 13 18 32 10 30 13 20 19 1
10 31 13 7 19 10 31 13 7 47 1
10 31 13 7 38 10 31 13 8 26 1
10 31 13 15 33 10 31 13 16 38 1
10 31 13 16 4 10 31 13 16 13 1
10 31 13 16 52 10 31 13 17 21 1
10 31 13 17 44 10 31 13 18 25 1
10 31 13 17 56 10 31 13 18 18 1
11 1 13 14 34 11 1 13 15 19 1
11 1 13 17 12 11 1 13 18 38 1
11 1 13 17 25 11 1 13 18 24 1
11 1 13 23 9 11 2 13 0 8 1
11 2 13 2 32 11 2 13 2 46 1
11 2 13 14 29 11 2 13 16 1 1
11 2 13 16 19 11 2 13 17 18 1
11 2 13 16 20 11 2 13 18 11 1
11 4 13 7 54 11 4 13 9 7 1
11 4 13 8 56 11 4 13 9 40 1
11 4 13 8 58 11 4 13 9 6 1
11 4 13 12 21 11 4 13 14 20 1
11 4 13 16 5 11 4 13 16 16 1
11 4 13 16 9 11 4 13 17 4 1
11 4 13 18 14 11 4 13 19 13 1
11 5 13 7 13 11 5 13 8 15 1
11 5 13 13 16 11 5 13 13 32 1
11 5 13 16 30 11 5 13 17 29 1
11 5 13 17 44 11 5 13 18 43 1
11 5 13 18 20 11 6 13 18 20 1
11 6 13 17 49 11 6 13 18 48 1
11 6 13 18 18 11 6 13 19 18 1
11 7 13 8 1 11 7 13 9 0 1
11 7 13 8 56 11 7 13 9 55 1
11 7 13 17 54 11 7 13 18 35 1
11 7 13 18 3 11 7 13 19 48 1
11 7 13 18 7 11 7 13 19 49 1
11 7 13 18 19 11 7 13 18 41 1
11 7 13 18 37 11 7 13 19 49 1
11 7 13 19 3 11 7 13 20 45 1
11 8 13 0 30 11 8 13 1 32 1
11 8 13 17 21 11 8 13 18 49 1
11 8 13 17 27 11 8 13 17 30 1
11 8 13 17 32 11 8 13 18 40 1
11 9 13 13 32 11 9 13 14 42 1
11 9 13 17 0 11 9 13 17 59 1
11 9 13 18 27 11 9 13 19 26 1
11 9 13 18 32 11 9 13 19 32 1
11 10 13 14 44 11 10 13 15 43 1
11 10 13 18 37 11 10 13 19 23 1
11 10 13 18 43 11 10 13 19 42 1
11 10 13 19 6 11 10 13 20 5 1
11 11 13 14 0 11 11 13 14 15 1
11 11 13 22 7 11 11 13 23 7 1
11 12 13 7 16 11 12 13 7 23 1
11 12 13 9 13 11 12 13 10 7 1
11 12 13 9 36 11 12 13 10 41 1
11 12 13 10 14 11 12 13 10 42 1
11 12 13 18 9 11 12 13 19 46 1
11 12 13 18 28 11 12 13 18 47 1
11 13 13 4 21 11 13 13 5 3 1
11 13 13 9 0 11 13 13 10 23 1
11 13 13 17 13 11 13 13 17 36 1
11 13 13 17 21 11 13 13 18 20 1
11 13 13 17 52 11 13 13 18 9 1
11 13 13 17 53 11 14 13 17 53 1
11 13 13 18 40 11 13 13 19 39 1
11 13 13 19 51 11 13 13 20 51 1
11 14 13 1 12 11 14 13 2 11 1
11 14 13 6 52 11 14 13 6 55 1
11 14 13 6 52 11 14 13 8 34 1
11 14 13 7 8 11 14 13 7 22 1
11 14 13 7 33 11 14 13 8 3 1
11 14 13 8 19 11 14 13 8 23 1
11 14 13 9 44 11 14 13 9 57 1
11 14 13 12 42 11 14 13 13 41 1
11 14 13 17 37 11 14 13 19 36 1
11 14 13 17 55 11 14 13 18 29 1
11 14 13 18 1 11 14 13 19 48 1
11 14 13 18 5 11 14 13 19 16 1
11 14 13 18 35 11 14 13 18 58 1
11 15 13 7 30 11 15 13 9 25 1
11 15 13 8 53 11 15 13 9 24 1
11 15 13 15 39 11 15 13 16 37 1
11 15 13 16 21 11 15 13 17 20 1
11 15 13 17 53 11 15 13 18 52 1
11 15 13 18 1 11 15 13 19 1 1
11 15 13 18 3 11 15 13 19 2 1
11 15 13 18 11 11 15 13 18 32 1
11 15 13 18 33 11 15 13 19 33 1
11 15 13 18 46 11 15 13 19 45 1
11 16 13 18 9 11 16 13 19 8 1
11 16 13 18 22 11 16 13 19 21 1
11 16 13 22 6 11 16 13 22 28 1
11 17 13 17 37 11 17 13 19 5 1
11 18 13 6 21 11 18 13 7 17 1
11 18 13 7 28 11 18 13 7 41 1
11 18 13 7 51 11 18 13 8 9 1
11 18 13 8 7 11 18 13 8 12 1
11 18 13 8 40 11 18 13 8 57 1
11 18 13 12 44 11 18 13 13 43 1
11 18 13 13 22 11 18 13 15 10 1
11 18 13 17 27 11 18 13 18 10 1
11 18 13 20 38 11 18 13 21 37 1
11 18 13 23 54 11 19 13 0 50 1
11 19 13 11 54 11 19 13 13 56 1
11 19 13 14 35 11 19 13 14 43 1
11 19 13 17 36 11 19 13 18 55 1
11 19 13 17 56 11 19 13 18 58 1
11 19 13 18 15 11 19 13 19 33 1
11 19 13 18 29 11 19 13 19 28 1
11 19 13 18 50 11 19 13 19 49 1
11 19 13 18 53 11 19 13 18 56 1
11 20 13 7 3 11 20 13 7 53 1
11 20 13 7 45 11 20 13 8 20 1
11 20 13 8 17 11 20 13 8 23 1
11 20 13 15 56 11 20 13 16 56 1
11 20 13 17 2 11 20 13 18 1 1
11 20 13 17 22 11 20 13 17 37 1
11 20 13 17 29 11 20 13 17 33 1
11 20 13 17 55 11 20 13 18 54 1
11 20 13 18 3 11 20 13 18 8 1
11 20 13 18 21 11 20 13 19 19 1
11 20 13 23 4 11 21 13 5 4 1
11 21 13 2 6 11 21 13 2 13 1
11 21 13 6 51 11 21 13 6 56 1
11 21 13 7 19 11 21 13 7 37 1
11 21 13 7 25 11 21 13 10 5 1
11 21 13 7 36 11 21 13 8 43 1
11 21 13 7 38 11 21 13 8 42 1
11 21 13 8 7 11 21 13 8 54 1
11 21 13 8 56 11 21 13 9 28 1
11 21 13 9 6 11 21 13 9 30 1
11 21 13 9 30 11 21 13 10 21 1
11 21 13 9 58 11 21 13 11 2 1
11 21 13 12 57 11 21 13 13 49 1
11 21 13 17 44 11 21 13 18 44 1
11 22 13 3 8 11 22 13 4 9 1
11 22 13 8 30 11 22 13 9 29 1
11 22 13 14 4 11 22 13 16 3 1
11 22 13 15 4 11 22 13 15 5 1
11 22 13 15 20 11 22 13 15 34 1
11 22 13 17 45 11 22 13 18 43 1
11 22 13 17 47 11 22 13 18 20 1
11 22 13 17 49 11 22 13 18 49 1
11 22 13 18 16 11 22 13 19 14 1
11 22 13 18 19 11 22 13 20 18 1
11 23 13 1 35 11 23 13 4 26 1
11 23 13 14 7 11 23 13 15 7 1
11 23 13 16 35 11 23 13 17 30 1
11 23 13 19 44 11 23 13 20 43 1
11 23 13 21 59 11 23 13 22 39 1
11 24 13 14 33 11 24 13 15 37 1
11 24 13 17 8 11 24 13 17 59 1
11 25 13 10 15 11 25 13 11 5 1
11 25 13 15 58 11 25 13 16 4 1
11 25 13 16 36 11 25 13 16 41 1
11 25 13 16 54 11 25 13 18 1 1
11 25 13 17 54 11 25 13 18 59 1
11 26 13 8 55 11 26 13 11 11 1
11 26 13 11 25 11 26 13 12 25 1
11 26 13 12 25 11 26 13 13 10 1
11 26 13 16 59 11 26 13 17 58 1
11 26 13 18 35 11 26 13 19 35 1
11 26 13 18 57 11 26 13 19 28 1
11 27 13 10 17 11 27 13 11 36 1
11 27 13 14 27 11 27 13 14 45 1
11 27 13 15 39 11 27 13 16 50 1
11 27 13 18 3 11 27 13 18 39 1
11 28 13 18 44 11 28 13 20 12 1
11 29 13 15 18 11 29 13 16 17 1
11 29 13 17 4 11 29 13 18 3 1
11 29 13 18 7 11 29 13 19 6 1
11 29 13 19 6 11 29 13 21 2 1
11 30 13 14 38 11 30 13 16 34 1
11 30 13 18 31 11 30 13 19 30 1
12 1 13 5 14 12 1 13 5 54 1
12 1 13 18 7 12 1 13 19 6 1
12 1 13 20 10 12 1 13 21 9 1
12 1 13 22 32 12 1 13 23 31 1
12 2 13 8 11 12 2 13 8 15 1
12 2 13 13 57 12 2 13 14 56 1
12 2 13 16 0 12 2 13 16 50 1
12 2 13 17 25 12 2 13 17 26 1
12 2 13 17 57 12 2 13 18 38 1
12 2 13 18 16 12 2 13 19 15 1
12 2 13 18 46 12 2 13 19 46 1
12 2 13 20 16 12 2 13 21 16 1
12 2 13 22 36 12 2 13 23 35 1
12 3 13 5 46 12 3 13 6 45 1
12 3 13 5 49 12 3 13 6 48 1
12 3 13 6 17 12 3 13 6 55 1
12 3 13 8 13 12 3 13 9 4 1
12 3 13 8 28 12 3 13 8 36 1
12 3 13 9 51 12 3 13 11 12 1
12 3 13 10 17 12 3 13 10 57 1
12 3 13 10 38 12 3 13 11 47 1
12 3 13 11 21 12 3 13 12 19 1
12 3 13 11 40 12 3 13 12 53 1
12 3 13 12 16 12 3 13 13 2 1
12 3 13 12 18 12 3 13 12 24 1
12 3 13 12 39 12 3 13 14 34 1
12 3 13 12 42 12 3 13 14 16 1
12 3 13 12 51 12 3 13 14 55 1
12 3 13 12 57 12 3 13 14 34 1
12 3 13 13 0 12 3 13 14 0 1
12 3 13 13 22 12 3 13 14 20 1
12 3 13 13 23 12 3 13 14 57 1
12 3 13 13 42 12 3 13 15 28 1
12 3 13 13 49 12 3 13 15 22 1
12 3 13 14 4 12 3 13 16 5 1
12 3 13 14 21 12 3 13 16 32 1
12 3 13 14 41 12 3 13 17 0 1
12 3 13 14 59 12 3 13 16 56 1
12 3 13 15 11 12 3 13 17 0 1
12 3 13 15 52 12 3 13 16 51 1
12 3 13 16 28 12 3 13 17 28 1
12 3 13 16 53 12 3 13 17 0 1
12 3 13 17 8 12 3 13 18 51 1
12 3 13 17 57 12 3 13 19 15 1
12 3 13 18 18 12 3 13 19 25 1
12 3 13 18 28 12 3 13 19 28 1
12 3 13 18 56 12 3 13 19 10 1
12 3 13 18 56 12 3 13 19 21 1
12 3 13 19 29 12 3 13 19 40 1
12 3 13 19 51 12 3 13 20 52 1
12 3 13 20 13 12 3 13 20 49 1
12 3 13 20 46 12 3 13 21 45 1
12 3 13 21 36 12 3 13 21 46 1
12 3 13 22 14 12 3 13 23 14 1
12 3 13 22 48 12 3 13 23 34 1
12 3 13 22 52 12 3 13 23 29 1
12 3 13 23 1 12 3 13 23 33 1
12 3 13 23 24 12 3 13 23 33 1
12 4 13 6 8 12 4 13 7 35 1
12 4 13 7 29 12 4 13 7 45 1
12 4 13 7 37 12 4 13 7 44 1
12 4 13 8 39 12 4 13 8 55 1
12 4 13 9 55 12 4 13 11 44 1
12 4 13 10 57 12 4 13 11 55 1
12 4 13 17 43 12 4 13 18 42 1
12 4 13 18 23 12 4 13 19 22 1
12 4 13 18 59 12 4 13 19 13 1
12 5 13 2 40 12 5 13 8 40 1
12 5 13 7 16 12 5 13 7 17 1
12 5 13 8 48 12 5 13 9 12 1
12 5 13 10 58 12 5 13 11 34 1
12 5 13 16 28 12 5 13 18 11 1
12 5 13 17 52 12 5 13 17 54 1
12 5 13 18 16 12 5 13 18 41 1
12 6 13 9 12 12 6 13 9 53 1
12 6 13 14 53 12 6 13 15 53 1
12 6 13 16 3 12 6 13 17 3 1
12 6 13 16 27 12 6 13 16 46 1
12 6 13 16 51 12 6 13 17 51 1
12 6 13 17 25 12 6 13 18 24 1
12 6 13 17 30 12 6 13 17 35 1
12 6 13 17 31 12 6 13 18 30 1
12 6 13 17 37 12 6 13 17 58 1
12 6 13 17 46 12 6 13 19 36 1
12 6 13 18 43 12 6 13 19 42 1
12 6 13 19 19 12 6 13 20 22 1
12 7 13 5 45 12 7 13 6 32 1
12 7 13 9 50 12 7 13 10 47 1
12 7 13 10 5 12 7 13 11 3 1
12 7 13 10 16 12 7 13 10 23 1
12 7 13 11 25 12 7 13 11 46 1
12 7 13 11 36 12 7 13 12 13 1
12 7 13 11 56 12 7 13 12 22 1
12 7 13 12 20 12 7 13 12 23 1
12 7 13 13 18 12 7 13 13 39 1
12 7 13 14 11 12 7 13 15 10 1
12 7 13 14 25 12 7 13 15 25 1
12 7 13 15 25 12 7 13 16 24 1
12 7 13 15 53 12 7 13 17 15 1
12 7 13 16 5 12 7 13 17 4 1
12 7 13 17 8 12 7 13 17 34 1
12 7 13 17 39 12 7 13 18 37 1
12 7 13 17 48 12 7 13 18 48 1
12 7 13 18 18 12 7 13 19 17 1
12 7 13 18 20 12 7 13 19 19 1
12 7 13 18 40 12 7 13 18 41 1
12 7 13 18 59 12 7 13 19 58 1
12 7 13 19 15 12 7 13 20 9 1
12 7 13 20 36 12 7 13 20 51 1
12 7 13 21 1 12 7 13 22 1 1
12 7 13 21 15 12 7 13 22 14 1
12 7 13 21 17 12 7 13 22 16 1
12 7 13 21 41 12 7 13 23 25 1
12 7 13 21 42 12 7 13 22 41 1
12 7 13 21 44 12 7 13 22 42 1
12 7 13 23 24 12 8 13 0 23 1
12 8 13 4 49 12 8 13 5 0 1
12 8 13 6 15 12 8 13 6 50 1
12 8 13 6 44 12 8 13 7 4 1
12 8 13 6 47 12 8 13 7 46 1
12 8 13 6 53 12 8 13 7 52 1
12 8 13 7 20 12 8 13 7 35 1
12 8 13 8 22 12 8 13 8 47 1
12 8 13 8 46 12 8 13 9 56 1
12 8 13 9 19 12 8 13 10 35 1
12 8 13 9 21 12 8 13 10 12 1
12 8 13 9 43 12 8 13 10 18 1
12 8 13 12 7 12 8 13 12 50 1
12 8 13 12 26 12 8 13 13 58 1
12 9 13 0 6 12 9 13 1 6 1
12 9 13 0 44 12 9 13 1 44 1
12 9 13 4 11 12 9 13 5 11 1
12 9 13 5 42 12 9 13 7 4 1
12 9 13 6 49 12 9 13 7 6 1
12 9 13 7 47 12 9 13 7 56 1
12 9 13 7 56 12 9 13 8 28 1
12 9 13 8 22 12 9 13 8 41 1
12 9 13 9 42 12 9 13 10 13 1
12 9 13 10 40 12 9 13 10 53 1
12 9 13 12 10 12 9 13 13 9 1
12 9 13 12 46 12 9 13 14 45 1
12 9 13 14 5 12 9 13 14 20 1
12 9 13 14 6 12 9 13 14 32 1
12 9 13 15 4 12 9 13 17 3 1
12 9 13 15 11 12 9 13 16 9 1
12 9 13 15 31 12 9 13 16 31 1
12 9 13 16 3 12 9 13 17 2 1
12 9 13 17 25 12 9 13 18 25 1
12 9 13 17 30 12 9 13 18 29 1
12 9 13 17 36 12 9 13 18 35 1
12 9 13 19 21 12 9 13 20 20 1
12 9 13 21 37 12 9 13 22 6 1
12 10 13 5 53 12 10 13 6 53 1
12 10 13 6 32 12 10 13 7 21 1
12 10 13 6 51 12 10 13 7 1 1
12 10 13 7 1 12 10 13 7 24 1
12 10 13 7 23 12 10 13 8 18 1
12 10 13 8 53 12 10 13 9 42 1
12 10 13 17 56 12 10 13 18 37 1
12 10 13 17 59 12 10 13 18 17 1
12 10 13 18 9 12 10 13 19 8 1
12 10 13 18 33 12 10 13 19 35 1
12 10 13 18 34 12 10 13 19 28 1
12 10 13 18 41 12 10 13 19 35 1
12 10 13 20 25 12 10 13 21 28 1
12 10 13 20 28 12 10 13 21 22 1
12 11 13 1 52 12 11 13 3 3 1
12 11 13 8 11 12 11 13 9 12 1
12 11 13 11 26 12 11 13 12 58 1
12 11 13 12 57 12 11 13 13 57 1
12 11 13 18 19 12 11 13 19 12 1
12 11 13 18 44 12 11 13 18 46 1
12 11 13 19 22 12 11 13 19 52 1
12 12 13 4 10 12 12 13 5 10 1
12 12 13 7 28 12 12 13 8 35 1
12 12 13 9 31 12 12 13 9 43 1
12 12 13 9 40 12 12 13 10 0 1
12 12 13 9 42 12 12 13 9 43 1
12 12 13 11 22 12 12 13 12 4 1
12 12 13 11 32 12 12 13 12 44 1
12 12 13 12 15 12 12 13 13 42 1
12 12 13 12 31 12 12 13 12 44 1
12 12 13 15 11 12 12 13 15 19 1
12 12 13 17 3 12 12 13 17 33 1
12 12 13 17 16 12 12 13 17 33 1
12 12 13 17 57 12 12 13 18 35 1
12 12 13 18 15 12 12 13 18 35 1
12 12 13 18 42 12 12 13 18 48 1
12 12 13 18 43 12 12 13 18 57 1
12 12 13 18 51 12 12 13 19 6 1
12 12 13 20 51 12 12 13 21 40 1
12 13 13 5 8 12 13 13 6 8 1
12 13 13 5 48 12 13 13 6 47 1
12 13 13 7 1 12 13 13 8 29 1
12 13 13 7 17 12 13 13 8 13 1
12 13 13 7 57 12 13 13 8 32 1
12 13 13 9 1 12 13 13 9 52 1
12 13 13 9 7 12 13 13 9 16 1
12 13 13 9 29 12 13 13 10 0 1
12 13 13 9 51 12 13 13 11 4 1
12 13 13 14 21 12 13 13 15 20 1
12 13 13 15 48 12 13 13 16 47 1
12 13 13 17 31 12 13 13 18 30 1
12 13 13 17 51 12 13 13 18 33 1
12 13 13 17 53 12 13 13 18 51 1
12 13 13 18 35 12 13 13 19 35 1
12 13 13 18 37 12 13 13 19 36 1
12 13 13 18 51 12 13 13 18 57 1
12 13 13 20 46 12 13 13 21 46 1
12 13 13 22 10 12 13 13 23 9 1
12 13 13 22 49 12 13 13 23 48 1
12 13 13 23 38 12 14 13 1 11 1
12 14 13 6 14 12 14 13 7 44 1
12 14 13 6 46 12 14 13 6 48 1
12 14 13 7 52 12 14 13 9 1 1
12 14 13 8 20 12 14 13 9 1 1
12 14 13 10 58 12 14 13 11 41 1
12 14 13 14 56 12 14 13 15 55 1
12 14 13 17 18 12 14 13 18 1 1
12 14 13 18 42 12 14 13 19 41 1
12 14 13 19 4 12 14 13 20 3 1
12 14 13 19 34 12 14 13 20 33 1
12 15 13 16 17 12 15 13 17 16 1
12 16 13 7 4 12 16 13 8 3 1
12 16 13 7 9 12 16 13 8 8 1
12 16 13 7 45 12 16 13 7 59 1
12 16 13 15 11 12 16 13 15 17 1
12 16 13 15 12 12 16 13 16 11 1
12 16 13 15 16 12 16 13 15 49 1
12 16 13 16 27 12 16 13 16 56 1
12 16 13 16 32 12 16 13 17 31 1
12 16 13 16 40 12 16 13 17 41 1
12 16 13 17 42 12 16 13 23 42 1
12 16 13 18 15 12 16 13 18 25 1
12 16 13 19 5 12 16 13 20 4 1
12 17 13 1 58 12 17 13 7 58 1
12 17 13 9 7 12 17 13 10 11 1
12 17 13 11 15 12 17 13 11 42 1
12 17 13 16 12 12 17 13 16 23 1
12 17 13 16 50 12 17 13 17 54 1
12 17 13 16 59 12 17 13 17 54 1
12 17 13 17 16 12 17 13 18 15 1
12 17 13 17 47 12 17 13 18 59 1
12 17 13 17 55 12 17 13 18 54 1
12 17 13 21 25 12 17 13 21 30 1
12 17 13 23 13 12 17 13 23 21 1
12 18 13 16 16 12 18 13 17 34 1
12 18 13 16 38 12 18 13 16 43 1
12 18 13 17 28 12 18 13 17 54 1
12 18 13 17 30 12 18 13 17 44 1
12 18 13 17 37 12 18 13 18 9 1
12 18 13 17 45 12 18 13 20 21 1
12 18 13 18 3 12 18 13 19 12 1
12 18 13 19 12 12 18 13 19 55 1
12 18 13 23 21 12 19 13 1 2 1
12 19 13 1 15 12 19 13 2 58 1
12 19 13 1 37 12 19 13 2 57 1
12 19 13 3 26 12 19 13 4 51 1
12 19 13 4 18 12 19 13 5 17 1
12 19 13 4 30 12 19 13 5 29 1
12 19 13 5 11 12 19 13 5 45 1
12 19 13 5 48 12 19 13 6 11 1
12 19 13 5 49 12 19 13 6 48 1
12 19 13 6 0 12 19 13 6 59 1
12 19 13 9 48 12 19 13 9 54 1
12 19 13 9 52 12 19 13 11 32 1
12 19 13 10 57 12 19 13 11 28 1
12 19 13 13 8 12 19 13 14 7 1
12 19 13 15 38 12 19 13 16 32 1
12 19 13 15 52 12 19 13 16 34 1
12 19 13 16 7 12 19 13 16 21 1
12 19 13 16 9 12 19 13 17 8 1
12 19 13 17 59 12 19 13 18 58 1
12 19 13 18 31 12 19 13 19 31 1
12 19 13 19 18 12 19 13 20 18 1
12 19 13 19 28 12 19 13 20 9 1
12 19 13 19 54 12 19 13 21 4 1
12 19 13 20 34 12 19 13 21 46 1
12 19 13 21 19 12 19 13 22 55 1
12 19 13 21 44 12 19 13 21 46 1
12 19 13 22 59 12 19 13 23 26 1
12 19 13 23 0 12 20 13 1 4 1
12 19 13 23 1 12 20 13 0 16 1
12 19 13 23 21 12 20 13 0 20 1
12 19 13 23 37 12 20 13 0 37 1
12 19 13 23 42 12 20 13 0 16 1
12 20 13 3 27 12 20 13 9 27 1
12 20 13 4 15 12 20 13 5 14 1
12 20 13 5 5 12 20 13 6 4 1
12 20 13 7 0 12 20 13 7 20 1
12 20 13 7 4 12 20 13 7 56 1
12 20 13 7 43 12 20 13 8 24 1
12 20 13 7 47 12 20 13 9 5 1
12 20 13 11 27 12 20 13 12 33 1
12 20 13 12 34 12 20 13 14 46 1
12 20 13 13 53 12 20 13 14 51 1
12 20 13 13 54 12 20 13 14 46 1
12 20 13 15 2 12 20 13 15 16 1
12 20 13 15 5 12 20 13 16 4 1
12 20 13 15 12 12 20 13 16 26 1
12 20 13 15 16 12 20 13 15 59 1
12 20 13 15 48 12 20 13 15 51 1
12 20 13 15 49 12 20 13 16 2 1
12 20 13 15 59 12 20 13 16 30 1
12 20 13 16 2 12 20 13 17 1 1
12 20 13 17 19 12 20 13 18 18 1
12 20 13 17 55 12 20 13 18 54 1
12 20 13 17 58 12 20 13 18 57 1
12 20 13 18 24 12 20 13 19 23 1
12 20 13 19 16 12 20 13 20 15 1
12 20 13 19 26 12 20 13 20 25 1
12 20 13 21 41 12 20 13 22 19 1
12 20 13 21 48 12 20 13 22 33 1
12 20 13 23 57 12 21 13 0 51 1
12 21 13 1 49 12 21 13 1 59 1
12 21 13 3 49 12 21 13 4 27 1
12 21 13 5 49 12 21 13 6 5 1
12 21 13 6 6 12 21 13 6 22 1
12 21 13 6 21 12 21 13 7 0 1
12 21 13 7 33 12 21 13 9 6 1
12 21 13 8 10 12 21 13 9 51 1
12 21 13 8 38 12 21 13 10 57 1
12 21 13 9 1 12 21 13 9 9 1
12 21 13 10 5 12 21 13 13 20 1
12 21 13 10 16 12 21 13 10 30 1
12 21 13 11 54 12 21 13 12 0 1
12 21 13 17 8 12 21 13 18 7 1
12 21 13 17 15 12 21 13 17 16 1
12 22 13 11 26 12 22 13 11 28 1
12 22 13 16 50 12 22 13 17 53 1
12 22 13 17 25 12 22 13 18 39 1
12 22 13 17 31 12 22 13 18 29 1
12 23 13 11 10 12 23 13 11 43 1
12 23 13 12 1 12 23 13 12 53 1
12 23 13 14 3 12 23 13 15 2 1
12 23 13 14 40 12 23 13 14 57 1
12 23 13 15 55 12 23 13 16 54 1
12 23 13 18 2 12 23 13 19 1 1
12 23 13 18 10 12 23 13 18 46 1
12 23 13 18 37 12 23 13 19 36 1
12 24 13 12 25 12 24 13 12 42 1
12 24 13 18 58 12 24 13 19 45 1
12 25 13 14 54 12 25 13 15 56 1
12 25 13 21 44 12 25 13 21 46 1
12 25 13 21 45 12 25 13 22 40 1
12 26 13 5 44 12 26 13 9 16 1
12 26 13 9 14 12 26 13 9 49 1
12 26 13 11 0 12 26 13 12 23 1
12 26 13 11 21 12 26 13 12 23 1
12 26 13 14 9 12 26 13 15 2 1
12 27 13 13 49 12 27 13 14 46 1
12 27 13 17 3 12 27 13 18 1 1
12 27 13 17 5 12 27 13 18 4 1
12 27 13 17 51 12 27 13 18 14 1
12 27 13 18 26 12 27 13 19 57 1
12 27 13 18 28 12 27 13 19 27 1
12 28 13 15 17 12 28 13 16 7 1
12 29 13 11 46 12 29 13 12 41 1
12 29 13 21 23 12 29 13 22 22 1
12 30 13 8 25 12 30 13 9 57 1
12 30 13 9 42 12 30 13 10 53 1
12 30 13 15 12 12 30 13 16 0 1
12 30 13 17 31 12 30 13 18 31 1
12 30 13 19 46 12 30 13 20 30 1
12 30 13 21 1 12 30 13 21 7 1
12 31 13 15 0 12 31 13 15 3 1
12 31 13 18 23 12 31 13 19 21 1
12 31 13 18 48 12 31 13 19 51 1
